0.01
0.02
0.03
0.04
0.05
0.060000000000000005
0.06999999999999999
0.08
0.09
0.09999999999999999
0.11
0.12
0.13
0.14
0.15000000000000002
0.16
0.17
0.18000000000000002
0.19
0.2
0.21000000000000002
0.22
0.23
0.24000000000000002
0.25
0.26
0.27
0.28
0.29000000000000004
0.3
0.31
0.32
0.33
0.34
0.35000000000000003
0.36000000000000004
0.37
0.38
0.39
0.4
0.41000000000000003
0.42000000000000004
0.43
0.44
0.45
0.46
0.47000000000000003
0.48000000000000004
0.49
0.5
0.51
0.52
0.53
0.54
0.55
0.56
0.5700000000000001
0.5800000000000001
0.59
0.6
0.61
0.62
0.63
0.64
0.65
0.66
0.67
0.68
0.6900000000000001
0.7000000000000001
0.7100000000000001
0.72
0.73
0.74
0.75
0.76
0.77
0.78
0.79
0.8
0.81
0.8200000000000001
0.8300000000000001
0.8400000000000001
0.85
0.86
0.87
0.88
0.89
0.9
0.91
0.92
0.93
0.9400000000000001
0.9500000000000001
0.9600000000000001
0.97
0.98
0.99
1.0
1.01
1.02
1.03
1.04
1.05
1.06
1.07
1.08
1.09
1.1
1.11
1.12
1.1300000000000001
1.1400000000000001
1.1500000000000001
1.1600000000000001
1.17
1.18
1.19
1.2
1.21
1.22
1.23
1.24
1.25
1.26
1.27
1.28
1.29
1.3
1.31
1.32
1.33
1.34
1.35
1.36
1.37
1.3800000000000001
1.3900000000000001
1.4000000000000001
1.4100000000000001
1.42
1.43
1.44
1.45
1.46
1.47
1.48
1.49
1.5
1.51
1.52
1.53
1.54
1.55
1.56
1.57
1.58
1.59
1.6
1.61
1.62
1.6300000000000001
1.6400000000000001
1.6500000000000001
1.6600000000000001
1.6700000000000002
1.68
1.69
1.7
1.71
1.72
1.73
1.74
1.75
1.76
1.77
1.78
1.79
1.8
1.81
1.82
1.83
1.84
1.85
1.86
1.87
1.8800000000000001
1.8900000000000001
1.9000000000000001
1.9100000000000001
1.9200000000000002
1.93
1.94
1.95
1.96
1.97
1.98
1.99
2.0
2.01
2.02
2.03
2.04
2.05
2.0599999999999996
2.07
2.0799999999999996
2.09
2.0999999999999996
2.11
2.1199999999999997
2.13
2.1399999999999997
2.15
2.1599999999999997
2.17
2.1799999999999997
2.19
2.1999999999999997
2.21
2.2199999999999998
2.23
2.2399999999999998
2.25
2.26
2.27
2.28
2.29
2.3
2.31
2.32
2.3299999999999996
2.34
2.3499999999999996
2.36
2.3699999999999997
2.38
2.3899999999999997
2.4
2.4099999999999997
2.42
2.4299999999999997
2.44
2.4499999999999997
2.46
2.4699999999999998
2.48
2.4899999999999998
2.5
2.51
2.52
2.53
2.54
2.55
2.56
2.57
2.5799999999999996
2.59
2.5999999999999996
2.61
2.6199999999999997
2.63
2.6399999999999997
2.65
2.6599999999999997
2.67
2.6799999999999997
2.69
2.6999999999999997
2.71
2.7199999999999998
2.73
2.7399999999999998
2.75
2.76
2.77
2.78
2.79
2.8
2.81
2.82
2.8299999999999996
2.84
2.8499999999999996
2.86
2.8699999999999997
2.88
2.8899999999999997
2.9
2.9099999999999997
2.92
2.9299999999999997
2.94
2.9499999999999997
2.96
2.9699999999999998
2.98
2.9899999999999998
3.0
3.01
3.02
3.03
3.04
3.05
3.06
3.07
3.08
3.09
3.0999999999999996
3.11
3.1199999999999997
3.13
3.1399999999999997
3.15
3.1599999999999997
3.17
3.1799999999999997
3.19
3.1999999999999997
3.21
3.2199999999999998
3.23
3.2399999999999998
3.25
3.26
3.27
3.28
3.29
3.3
3.31
3.32
3.33
3.34
3.3499999999999996
3.36
3.3699999999999997
3.38
3.3899999999999997
3.4
3.4099999999999997
3.42
3.4299999999999997
3.44
3.4499999999999997
3.46
3.4699999999999998
3.48
3.4899999999999998
3.5
3.51
3.52
3.53
3.54
3.55
3.56
3.57
3.58
3.59
3.5999999999999996
3.61
3.6199999999999997
3.63
3.6399999999999997
3.65
3.6599999999999997
3.67
3.6799999999999997
3.69
3.6999999999999997
3.71
3.7199999999999998
3.73
3.7399999999999998
3.75
3.76
3.77
3.78
3.79
3.8
3.81
3.82
3.83
3.84
3.8499999999999996
3.86
3.8699999999999997
3.88
3.8899999999999997
3.9
3.9099999999999997
3.92
3.9299999999999997
3.94
3.9499999999999997
3.96
3.9699999999999998
3.98
3.9899999999999998
4.0
4.01
4.02
4.03
4.04
4.05
4.06
4.07
4.08
4.09
4.1
4.109999999999999
4.12
4.13
4.14
4.1499999999999995
4.16
4.17
4.18
4.1899999999999995
4.2
4.21
4.22
4.2299999999999995
4.24
4.25
4.26
4.27
4.28
4.29
4.3
4.31
4.32
4.33
4.34
4.35
4.36
4.37
4.38
4.39
4.3999999999999995
4.41
4.42
4.43
4.4399999999999995
4.45
4.46
4.47
4.4799999999999995
4.49
4.5
4.51
4.52
4.53
4.54
4.55
4.56
4.57
4.58
4.59
4.6
4.61
4.62
4.63
4.64
4.6499999999999995
4.66
4.67
4.68
4.6899999999999995
4.7
4.71
4.72
4.7299999999999995
4.74
4.75
4.76
4.77
4.78
4.79
4.8
4.81
4.82
4.83
4.84
4.85
4.86
4.87
4.88
4.89
4.8999999999999995
4.91
4.92
4.93
4.9399999999999995
4.95
4.96
4.97
4.9799999999999995
4.99
5.0
5.01
5.02
5.03
5.04
5.05
5.06
5.07
5.08
5.09
5.1
5.11
5.12
5.13
5.14
5.1499999999999995
5.16
5.17
5.18
5.1899999999999995
5.2
5.21
5.22
5.2299999999999995
5.24
5.25
5.26
5.27
5.28
5.29
5.3
5.31
5.32
5.33
5.34
5.35
5.36
5.37
5.38
5.39
5.3999999999999995
5.41
5.42
5.43
5.4399999999999995
5.45
5.46
5.47
5.4799999999999995
5.49
5.5
5.51
5.52
5.53
5.54
5.55
5.56
5.57
5.58
5.59
5.6
5.61
5.62
5.63
5.64
5.6499999999999995
5.66
5.67
5.68
5.6899999999999995
5.7
5.71
5.72
5.7299999999999995
5.74
5.75
5.76
5.77
5.78
5.79
5.8
5.81
5.82
5.83
5.84
5.85
5.86
5.87
5.88
5.89
5.8999999999999995
5.91
5.92
5.93
5.9399999999999995
5.95
5.96
5.97
5.9799999999999995
5.99
6.0
6.01
6.02
6.03
6.04
6.05
6.06
6.07
6.08
6.09
6.1
6.11
6.12
6.13
6.14
6.15
6.16
6.17
6.18
6.1899999999999995
6.2
6.21
6.22
6.2299999999999995
6.24
6.25
6.26
6.27
6.28
6.29
6.3
6.31
6.32
6.33
6.34
6.35
6.36
6.37
6.38
6.39
6.4
6.41
6.42
6.43
6.4399999999999995
6.45
6.46
6.47
6.4799999999999995
6.49
6.5
6.51
6.52
6.53
6.54
6.55
6.56
6.57
6.58
6.59
6.6
6.61
6.62
6.63
6.64
6.65
6.66
6.67
6.68
6.6899999999999995
6.7
6.71
6.72
6.7299999999999995
6.74
6.75
6.76
6.77
6.78
6.79
6.8
6.81
6.82
6.83
6.84
6.85
6.86
6.87
6.88
6.89
6.9
6.91
6.92
6.93
6.9399999999999995
6.95
6.96
6.97
6.9799999999999995
6.99
7.0
7.01
7.02
7.03
7.04
7.05
7.06
7.07
7.08
7.09
7.1
7.11
7.12
7.13
7.14
7.15
7.16
7.17
7.18
7.1899999999999995
7.2
7.21
7.22
7.2299999999999995
7.24
7.25
7.26
7.27
7.28
7.29
7.3
7.31
7.32
7.33
7.34
7.35
7.36
7.37
7.38
7.39
7.4
7.41
7.42
7.43
7.4399999999999995
7.45
7.46
7.47
7.4799999999999995
7.49
7.5
7.51
7.52
7.53
7.54
7.55
7.56
7.57
7.58
7.59
7.6
7.61
7.62
7.63
7.64
7.65
7.66
7.67
7.68
7.6899999999999995
7.7
7.71
7.72
7.7299999999999995
7.74
7.75
7.76
7.77
7.78
7.79
7.8
7.81
7.82
7.83
7.84
7.85
7.86
7.87
7.88
7.89
7.9
7.91
7.92
7.93
7.94
7.95
7.96
7.97
7.9799999999999995
7.99
8.0
8.01
8.02
8.03
8.04
8.05
8.06
8.07
8.08
8.09
8.1
8.11
8.12
8.13
8.14
8.15
8.16
8.17
8.18
8.19
8.2
8.209999999999999
8.22
8.23
8.24
8.25
8.26
8.27
8.28
8.29
8.3
8.31
8.32
8.33
8.34
8.35
8.36
8.37
8.38
8.39
8.4
8.41
8.42
8.43
8.44
8.45
8.459999999999999
8.47
8.48
8.49
8.5
8.51
8.52
8.53
8.54
8.55
8.56
8.57
8.58
8.59
8.6
8.61
8.62
8.63
8.64
8.65
8.66
8.67
8.68
8.69
8.7
8.71
8.72
8.73
8.74
8.75
8.76
8.77
8.78
8.79
8.8
8.81
8.82
8.83
8.84
8.85
8.86
8.87
8.88
8.89
8.9
8.91
8.92
8.93
8.94
8.95
8.96
8.97
8.98
8.99
9.0
9.01
9.02
9.03
9.04
9.05
9.06
9.07
9.08
9.09
9.1
9.11
9.12
9.13
9.14
9.15
9.16
9.17
9.18
9.19
9.2
9.21
9.22
9.23
9.24
9.25
9.26
9.27
9.28
9.29
9.3
9.31
9.32
9.33
9.34
9.35
9.36
9.37
9.38
9.39
9.4
9.41
9.42
9.43
9.44
9.45
9.46
9.47
9.48
9.49
9.5
9.51
9.52
9.53
9.54
9.55
9.56
9.57
9.58
9.59
9.6
9.61
9.62
9.63
9.64
9.65
9.66
9.67
9.68
9.69
9.7
9.71
9.72
9.73
9.74
9.75
9.76
9.77
9.78
9.79
9.8
9.81
9.82
9.83
9.84
9.85
9.86
9.87
9.88
9.89
9.9
9.91
9.92
9.93
9.94
9.95
9.96
9.97
9.98
9.99
10.0
10.01
10.02
10.03
10.04
10.05
10.06
10.07
10.08
10.09
10.1
10.11
10.12
10.13
10.14
10.15
10.16
10.17
10.18
10.19
10.2
10.21
10.22
10.23
10.24
10.25
10.26
10.27
10.28
10.29
10.3
10.31
10.32
10.33
10.34
10.35
10.36
10.37
10.38
10.39
10.4
10.41
10.42
10.43
10.44
10.45
10.46
10.47
10.48
10.49
10.5
10.51
10.52
10.53
10.54
10.55
10.56
10.57
10.58
10.59
10.6
10.61
10.62
10.63
10.64
10.65
10.66
10.67
10.68
10.69
10.7
10.71
10.72
10.73
10.74
10.75
10.76
10.77
10.78
10.79
10.8
10.81
10.82
10.83
10.84
10.85
10.86
10.87
10.88
10.89
10.9
10.91
10.92
10.93
10.94
10.95
10.96
10.97
10.98
10.99
11.0
11.01
11.02
11.03
11.04
11.05
11.06
11.07
11.08
11.09
11.1
11.11
11.12
11.13
11.14
11.15
11.16
11.17
11.18
11.19
11.2
11.21
11.22
11.23
11.24
11.25
11.26
11.27
11.28
11.29
11.3
11.31
11.32
11.33
11.34
11.35
11.36
11.37
11.38
11.39
11.4
11.41
11.42
11.43
11.44
11.45
11.46
11.47
11.48
11.49
11.5
11.51
11.52
11.53
11.54
11.55
11.56
11.57
11.58
11.59
11.6
11.61
11.62
11.63
11.64
11.65
11.66
11.67
11.68
11.69
11.7
11.71
11.72
11.73
11.74
11.75
11.76
11.77
11.78
11.79
11.8
11.81
11.82
11.83
11.84
11.85
11.86
11.87
11.88
11.89
11.9
11.91
11.92
11.93
11.94
11.95
11.96
11.97
11.98
11.99
12.0
12.01
12.02
12.03
12.040000000000001
12.05
12.06
12.07
12.08
12.09
12.1
12.11
12.12
12.13
12.14
12.15
12.16
12.17
12.18
12.19
12.2
12.21
12.22
12.23
12.24
12.25
12.26
12.27
12.28
12.290000000000001
12.3
12.31
12.32
12.33
12.34
12.35
12.36
12.37
12.38
12.39
12.4
12.41
12.42
12.43
12.44
12.45
12.46
12.47
12.48
12.49
12.5
12.51
12.52
12.53
12.540000000000001
12.55
12.56
12.57
12.58
12.59
12.6
12.61
12.62
12.63
12.64
12.65
12.66
12.67
12.68
12.69
12.7
12.71
12.72
12.73
12.74
12.75
12.76
12.77
12.78
12.790000000000001
12.8
12.81
12.82
12.83
12.84
12.85
12.86
12.87
12.88
12.89
12.9
12.91
12.92
12.93
12.94
12.95
12.96
12.97
12.98
12.99
13.0
13.01
13.02
13.03
13.040000000000001
13.05
13.06
13.07
13.08
13.09
13.1
13.11
13.12
13.13
13.14
13.15
13.16
13.17
13.18
13.19
13.2
13.21
13.22
13.23
13.24
13.25
13.26
13.27
13.28
13.290000000000001
13.3
13.31
13.32
13.33
13.34
13.35
13.36
13.37
13.38
13.39
13.4
13.41
13.42
13.43
13.44
13.45
13.46
13.47
13.48
13.49
13.5
13.51
13.52
13.53
13.540000000000001
13.55
13.56
13.57
13.58
13.59
13.6
13.61
13.62
13.63
13.64
13.65
13.66
13.67
13.68
13.69
13.7
13.71
13.72
13.73
13.74
13.75
13.76
13.77
13.78
13.790000000000001
13.8
13.81
13.82
13.83
13.84
13.85
13.86
13.87
13.88
13.89
13.9
13.91
13.92
13.93
13.94
13.95
13.96
13.97
13.98
13.99
14.0
14.01
14.02
14.03
14.040000000000001
14.05
14.06
14.07
14.08
14.09
14.1
14.11
14.12
14.13
14.14
14.15
14.16
14.17
14.18
14.19
14.2
14.21
14.22
14.23
14.24
14.25
14.26
14.27
14.28
14.290000000000001
14.3
14.31
14.32
14.33
14.34
14.35
14.36
14.37
14.38
14.39
14.4
14.41
14.42
14.43
14.44
14.45
14.46
14.47
14.48
14.49
14.5
14.51
14.52
14.53
14.540000000000001
14.55
14.56
14.57
14.58
14.59
14.6
14.61
14.62
14.63
14.64
14.65
14.66
14.67
14.68
14.69
14.7
14.71
14.72
14.73
14.74
14.75
14.76
14.77
14.78
14.790000000000001
14.8
14.81
14.82
14.83
14.84
14.85
14.86
14.87
14.88
14.89
14.9
14.91
14.92
14.93
14.94
14.95
14.96
14.97
14.98
14.99
15.0
15.01
15.02
15.03
15.040000000000001
15.05
15.06
15.07
15.08
15.09
15.1
15.11
15.12
15.13
15.14
15.15
15.16
15.17
15.18
15.19
15.2
15.21
15.22
15.23
15.24
15.25
15.26
15.27
15.28
15.290000000000001
15.3
15.31
15.32
15.33
15.34
15.35
15.36
15.37
15.38
15.39
15.4
15.41
15.42
15.43
15.44
15.45
15.46
15.47
15.48
15.49
15.5
15.51
15.52
15.53
15.540000000000001
15.55
15.56
15.57
15.58
15.59
15.6
15.61
15.620000000000001
15.63
15.64
15.65
15.66
15.67
15.68
15.69
15.7
15.71
15.72
15.73
15.74
15.75
15.76
15.77
15.78
15.790000000000001
15.8
15.81
15.82
15.83
15.84
15.85
15.86
15.870000000000001
15.88
15.89
15.9
15.91
15.92
15.93
15.94
15.95
15.96
15.97
15.98
15.99
16.0
16.01
16.020000000000003
16.03
16.040000000000003
16.05
16.060000000000002
16.07
16.080000000000002
16.090000000000003
16.1
16.110000000000003
16.12
16.130000000000003
16.14
16.150000000000002
16.16
16.17
16.180000000000003
16.19
16.200000000000003
16.21
16.220000000000002
16.23
16.240000000000002
16.250000000000004
16.26
16.270000000000003
16.28
16.290000000000003
16.3
16.310000000000002
16.32
16.330000000000002
16.340000000000003
16.35
16.360000000000003
16.37
16.380000000000003
16.39
16.400000000000002
16.41
16.42
16.430000000000003
16.44
16.450000000000003
16.46
16.470000000000002
16.48
16.490000000000002
16.500000000000004
16.51
16.520000000000003
16.53
16.540000000000003
16.55
16.560000000000002
16.57
16.580000000000002
16.590000000000003
16.6
16.610000000000003
16.62
16.630000000000003
16.64
16.650000000000002
16.66
16.67
16.680000000000003
16.69
16.700000000000003
16.71
16.720000000000002
16.73
16.740000000000002
16.750000000000004
16.76
16.770000000000003
16.78
16.790000000000003
16.8
16.810000000000002
16.82
16.830000000000002
16.840000000000003
16.85
16.860000000000003
16.87
16.880000000000003
16.89
16.900000000000002
16.91
16.92
16.930000000000003
16.94
16.950000000000003
16.96
16.970000000000002
16.98
16.990000000000002
17.000000000000004
17.01
17.020000000000003
17.03
17.040000000000003
17.05
17.060000000000002
17.07
17.080000000000002
17.090000000000003
17.1
17.110000000000003
17.12
17.130000000000003
17.14
17.150000000000002
17.160000000000004
17.17
17.180000000000003
17.19
17.200000000000003
17.21
17.220000000000002
17.23
17.240000000000002
17.250000000000004
17.26
17.270000000000003
17.28
17.290000000000003
17.3
17.310000000000002
17.32
17.330000000000002
17.340000000000003
17.35
17.360000000000003
17.37
17.380000000000003
17.39
17.400000000000002
17.410000000000004
17.42
17.430000000000003
17.44
17.450000000000003
17.46
17.470000000000002
17.48
17.490000000000002
17.500000000000004
17.51
17.520000000000003
17.53
17.540000000000003
17.55
17.560000000000002
17.57
17.580000000000002
17.590000000000003
17.6
17.610000000000003
17.62
17.630000000000003
17.64
17.650000000000002
17.660000000000004
17.67
17.680000000000003
17.69
17.700000000000003
17.71
17.720000000000002
17.73
17.740000000000002
17.750000000000004
17.76
17.770000000000003
17.78
17.790000000000003
17.8
17.810000000000002
17.82
17.830000000000002
17.840000000000003
17.85
17.860000000000003
17.87
17.880000000000003
17.89
17.900000000000002
17.910000000000004
17.92
17.930000000000003
17.94
17.950000000000003
17.96
17.970000000000002
17.98
17.990000000000002
18.000000000000004
18.01
18.020000000000003
18.03
18.040000000000003
18.05
18.060000000000002
18.07
18.080000000000002
18.090000000000003
18.1
18.110000000000003
18.12
18.130000000000003
18.14
18.150000000000002
18.160000000000004
18.17
18.180000000000003
18.19
18.200000000000003
18.21
18.220000000000002
18.23
18.240000000000002
18.250000000000004
18.26
18.270000000000003
18.28
18.290000000000003
18.3
18.310000000000002
18.32
18.330000000000002
18.340000000000003
18.35
18.360000000000003
18.37
18.380000000000003
18.39
18.400000000000002
18.410000000000004
18.42
18.430000000000003
18.44
18.450000000000003
18.46
18.470000000000002
18.48
18.490000000000002
18.500000000000004
18.51
18.520000000000003
18.53
18.540000000000003
18.55
18.560000000000002
18.57
18.580000000000002
18.590000000000003
18.6
18.610000000000003
18.62
18.630000000000003
18.64
18.650000000000002
18.660000000000004
18.67
18.680000000000003
18.69
18.700000000000003
18.71
18.720000000000002
18.73
18.740000000000002
18.750000000000004
18.76
18.770000000000003
18.78
18.790000000000003
18.8
18.810000000000002
18.82
18.830000000000002
18.840000000000003
18.85
18.860000000000003
18.87
18.880000000000003
18.89
18.900000000000002
18.910000000000004
18.92
18.930000000000003
18.94
18.950000000000003
18.96
18.970000000000002
18.98
18.990000000000002
19.000000000000004
19.01
19.020000000000003
19.03
19.040000000000003
19.05
19.060000000000002
19.07
19.080000000000002
19.090000000000003
19.1
19.110000000000003
19.12
19.130000000000003
19.14
19.150000000000002
19.160000000000004
19.17
19.180000000000003
19.19
19.200000000000003
19.21
19.220000000000002
19.23
19.240000000000002
19.250000000000004
19.26
19.270000000000003
19.28
19.290000000000003
19.3
19.310000000000002
19.32
19.330000000000002
19.340000000000003
19.35
19.360000000000003
19.37
19.380000000000003
19.39
19.400000000000002
19.410000000000004
19.42
19.430000000000003
19.44
19.450000000000003
19.46
19.470000000000002
19.48
19.490000000000002
19.500000000000004
19.51
19.520000000000003
19.53
19.540000000000003
19.55
19.560000000000002
19.57
19.580000000000002
19.590000000000003
19.6
19.610000000000003
19.62
19.630000000000003
19.64
19.650000000000002
19.660000000000004
19.67
19.680000000000003
19.69
19.700000000000003
19.71
19.720000000000002
19.73
19.740000000000002
19.750000000000004
19.76
19.770000000000003
19.78
19.790000000000003
19.8
19.810000000000002
19.82
19.830000000000002
19.840000000000003
19.85
19.860000000000003
19.87
19.880000000000003
19.89
19.900000000000002
19.910000000000004
19.92
19.930000000000003
19.94
19.950000000000003
19.96
19.970000000000002
19.98
19.990000000000002
20.000000000000004
20.01
20.020000000000003
20.03
20.040000000000003
20.05
20.060000000000002
20.07
20.080000000000002
20.090000000000003
20.1
20.110000000000003
20.12
20.130000000000003
20.14
20.150000000000002
20.160000000000004
20.17
20.180000000000003
20.19
20.200000000000003
20.21
20.220000000000002
20.23
20.240000000000002
20.250000000000004
20.26
20.270000000000003
20.28
20.290000000000003
20.3
20.310000000000002
20.32
20.330000000000002
20.340000000000003
20.35
20.360000000000003
20.37
20.380000000000003
20.39
20.400000000000002
20.410000000000004
20.42
20.430000000000003
20.44
20.450000000000003
20.46
20.470000000000002
20.48
20.490000000000002
20.500000000000004
20.51
20.520000000000003
20.53
20.540000000000003
20.55
20.560000000000002
20.57
20.580000000000002
20.590000000000003
20.6
20.610000000000003
20.62
20.630000000000003
20.64
20.650000000000002
20.660000000000004
20.67
20.680000000000003
20.69
20.700000000000003
20.71
20.720000000000002
20.73
20.740000000000002
20.750000000000004
20.76
20.770000000000003
20.78
20.790000000000003
20.8
20.810000000000002
20.82
20.830000000000002
20.840000000000003
20.85
20.860000000000003
20.87
20.880000000000003
20.89
20.900000000000002
20.910000000000004
20.92
20.930000000000003
20.94
20.950000000000003
20.96
20.970000000000002
20.98
20.990000000000002
21.000000000000004
21.01
21.020000000000003
21.03
21.040000000000003
21.05
21.060000000000002
21.07
21.080000000000002
21.090000000000003
21.1
21.110000000000003
21.12
21.130000000000003
21.14
21.150000000000002
21.160000000000004
21.17
21.180000000000003
21.19
21.200000000000003
21.21
21.220000000000002
21.23
21.240000000000002
21.250000000000004
21.26
21.270000000000003
21.28
21.290000000000003
21.3
21.310000000000002
21.32
21.330000000000002
21.340000000000003
21.35
21.360000000000003
21.37
21.380000000000003
21.39
21.400000000000002
21.410000000000004
21.42
21.430000000000003
21.44
21.450000000000003
21.46
21.470000000000002
21.48
21.490000000000002
21.500000000000004
21.51
21.520000000000003
21.53
21.540000000000003
21.55
21.560000000000002
21.57
21.580000000000002
21.590000000000003
21.6
21.610000000000003
21.62
21.630000000000003
21.64
21.650000000000002
21.660000000000004
21.67
21.680000000000003
21.69
21.700000000000003
21.71
21.720000000000002
21.73
21.740000000000002
21.750000000000004
21.76
21.770000000000003
21.78
21.790000000000003
21.8
21.810000000000002
21.82
21.830000000000002
21.840000000000003
21.85
21.860000000000003
21.87
21.880000000000003
21.89
21.900000000000002
21.910000000000004
21.92
21.930000000000003
21.94
21.950000000000003
21.96
21.970000000000002
21.98
21.990000000000002
22.000000000000004
22.01
22.020000000000003
22.03
22.040000000000003
22.05
22.060000000000002
22.07
22.080000000000002
22.090000000000003
22.1
22.110000000000003
22.12
22.130000000000003
22.14
22.150000000000002
22.160000000000004
22.17
22.180000000000003
22.19
22.200000000000003
22.21
22.220000000000002
22.23
22.240000000000002
22.250000000000004
22.26
22.270000000000003
22.28
22.290000000000003
22.3
22.310000000000002
22.32
22.330000000000002
22.340000000000003
22.35
22.360000000000003
22.37
22.380000000000003
22.39
22.400000000000002
22.410000000000004
22.42
22.430000000000003
22.44
22.450000000000003
22.46
22.470000000000002
22.48
22.490000000000002
22.500000000000004
22.51
22.520000000000003
22.53
22.540000000000003
22.55
22.560000000000002
22.57
22.580000000000002
22.590000000000003
22.6
22.610000000000003
22.62
22.630000000000003
22.64
22.650000000000002
22.660000000000004
22.67
22.680000000000003
22.69
22.700000000000003
22.71
22.720000000000002
22.73
22.740000000000002
22.750000000000004
22.76
22.770000000000003
22.78
22.790000000000003
22.8
22.810000000000002
22.82
22.830000000000002
22.840000000000003
22.85
22.860000000000003
22.87
22.880000000000003
22.89
22.900000000000002
22.910000000000004
22.92
22.930000000000003
22.94
22.950000000000003
22.96
22.970000000000002
22.98
22.990000000000002
23.000000000000004
23.01
23.020000000000003
23.03
23.040000000000003
23.05
23.060000000000002
23.07
23.080000000000002
23.090000000000003
23.1
23.110000000000003
23.12
23.130000000000003
23.14
23.150000000000002
23.160000000000004
23.17
23.180000000000003
23.19
23.200000000000003
23.21
23.220000000000002
23.23
23.240000000000002
23.250000000000004
23.26
23.270000000000003
23.28
23.290000000000003
23.3
23.310000000000002
23.32
23.330000000000002
23.340000000000003
23.35
23.360000000000003
23.37
23.380000000000003
23.39
23.400000000000002
23.410000000000004
23.42
23.430000000000003
23.44
23.450000000000003
23.46
23.470000000000002
23.48
23.490000000000002
23.500000000000004
23.51
23.520000000000003
23.53
23.540000000000003
23.55
23.560000000000002
23.57
23.580000000000002
23.590000000000003
23.6
23.610000000000003
23.62
23.630000000000003
23.64
23.650000000000002
23.660000000000004
23.67
23.680000000000003
23.69
23.700000000000003
23.71
23.720000000000002
23.73
23.740000000000002
23.750000000000004
23.76
23.770000000000003
23.78
23.790000000000003
23.8
23.810000000000002
23.82
23.830000000000002
23.840000000000003
23.85
23.860000000000003
23.87
23.880000000000003
23.89
23.900000000000002
23.910000000000004
23.92
23.930000000000003
23.94
23.950000000000003
23.96
23.970000000000002
23.98
23.990000000000002
24.000000000000004
24.01
24.020000000000003
24.03
24.040000000000003
24.05
24.060000000000002
24.070000000000004
24.080000000000002
24.090000000000003
24.1
24.110000000000003
24.12
24.130000000000003
24.14
24.150000000000002
24.160000000000004
24.17
24.180000000000003
24.19
24.200000000000003
24.21
24.220000000000002
24.23
24.240000000000002
24.250000000000004
24.26
24.270000000000003
24.28
24.290000000000003
24.3
24.310000000000002
24.320000000000004
24.330000000000002
24.340000000000003
24.35
24.360000000000003
24.37
24.380000000000003
24.39
24.400000000000002
24.410000000000004
24.42
24.430000000000003
24.44
24.450000000000003
24.46
24.470000000000002
24.48
24.490000000000002
24.500000000000004
24.51
24.520000000000003
24.53
24.540000000000003
24.55
24.560000000000002
24.570000000000004
24.580000000000002
24.590000000000003
24.6
24.610000000000003
24.62
24.630000000000003
24.64
24.650000000000002
24.660000000000004
24.67
24.680000000000003
24.69
24.700000000000003
24.71
24.720000000000002
24.73
24.740000000000002
24.750000000000004
24.76
24.770000000000003
24.78
24.790000000000003
24.8
24.810000000000002
24.820000000000004
24.830000000000002
24.840000000000003
24.85
24.860000000000003
24.87
24.880000000000003
24.89
24.900000000000002
24.910000000000004
24.92
24.930000000000003
24.94
24.950000000000003
24.96
24.970000000000002
24.98
24.990000000000002
25.000000000000004
25.01
25.020000000000003
25.03
25.040000000000003
25.05
25.060000000000002
25.070000000000004
25.080000000000002
25.090000000000003
25.1
25.110000000000003
25.12
25.130000000000003
25.14
25.150000000000002
25.160000000000004
25.17
25.180000000000003
25.19
25.200000000000003
25.21
25.220000000000002
25.23
25.240000000000002
25.250000000000004
25.26
25.270000000000003
25.28
25.290000000000003
25.3
25.310000000000002
25.320000000000004
25.330000000000002
25.340000000000003
25.35
25.360000000000003
25.37
25.380000000000003
25.39
25.400000000000002
25.410000000000004
25.42
25.430000000000003
25.44
25.450000000000003
25.46
25.470000000000002
25.48
25.490000000000002
25.500000000000004
25.51
25.520000000000003
25.53
25.540000000000003
25.55
25.560000000000002
25.570000000000004
25.580000000000002
25.590000000000003
25.6
25.610000000000003
25.62
25.630000000000003
25.64
25.650000000000002
25.660000000000004
25.67
25.680000000000003
25.69
25.700000000000003
25.71
25.720000000000002
25.73
25.740000000000002
25.750000000000004
25.76
25.770000000000003
25.78
25.790000000000003
25.8
25.810000000000002
25.820000000000004
25.830000000000002
25.840000000000003
25.85
25.860000000000003
25.87
25.880000000000003
25.89
25.900000000000002
25.910000000000004
25.92
25.930000000000003
25.94
25.950000000000003
25.96
25.970000000000002
25.98
25.990000000000002
26.000000000000004
26.01
26.020000000000003
26.03
26.040000000000003
26.05
26.060000000000002
26.070000000000004
26.080000000000002
26.090000000000003
26.1
26.110000000000003
26.12
26.130000000000003
26.14
26.150000000000002
26.160000000000004
26.17
26.180000000000003
26.19
26.200000000000003
26.21
26.220000000000002
26.23
26.240000000000002
26.250000000000004
26.26
26.270000000000003
26.28
26.290000000000003
26.3
26.310000000000002
26.320000000000004
26.330000000000002
26.340000000000003
26.35
26.360000000000003
26.37
26.380000000000003
26.39
26.400000000000002
26.410000000000004
26.42
26.430000000000003
26.44
26.450000000000003
26.46
26.470000000000002
26.48
26.490000000000002
26.500000000000004
26.51
26.520000000000003
26.53
26.540000000000003
26.55
26.560000000000002
26.570000000000004
26.580000000000002
26.590000000000003
26.6
26.610000000000003
26.62
26.630000000000003
26.64
26.650000000000002
26.660000000000004
26.67
26.680000000000003
26.69
26.700000000000003
26.71
26.720000000000002
26.73
26.740000000000002
26.750000000000004
26.76
26.770000000000003
26.78
26.790000000000003
26.8
26.810000000000002
26.820000000000004
26.830000000000002
26.840000000000003
26.85
26.860000000000003
26.87
26.880000000000003
26.89
26.900000000000002
26.910000000000004
26.92
26.930000000000003
26.94
26.950000000000003
26.96
26.970000000000002
26.98
26.990000000000002
27.000000000000004
27.01
27.020000000000003
27.03
27.040000000000003
27.05
27.060000000000002
27.070000000000004
27.080000000000002
27.090000000000003
27.1
27.110000000000003
27.12
27.130000000000003
27.14
27.150000000000002
27.160000000000004
27.17
27.180000000000003
27.19
27.200000000000003
27.21
27.220000000000002
27.23
27.240000000000002
27.250000000000004
27.26
27.270000000000003
27.28
27.290000000000003
27.3
27.310000000000002
27.320000000000004
27.330000000000002
27.340000000000003
27.35
27.360000000000003
27.37
27.380000000000003
27.39
27.400000000000002
27.410000000000004
27.42
27.430000000000003
27.44
27.450000000000003
27.46
27.470000000000002
27.48
27.490000000000002
27.500000000000004
27.51
27.520000000000003
27.53
27.540000000000003
27.55
27.560000000000002
27.570000000000004
27.580000000000002
27.590000000000003
27.6
27.610000000000003
27.62
27.630000000000003
27.64
27.650000000000002
27.660000000000004
27.67
27.680000000000003
27.69
27.700000000000003
27.71
27.720000000000002
27.73
27.740000000000002
27.750000000000004
27.76
27.770000000000003
27.78
27.790000000000003
27.8
27.810000000000002
27.820000000000004
27.830000000000002
27.840000000000003
27.85
27.860000000000003
27.87
27.880000000000003
27.89
27.900000000000002
27.910000000000004
27.92
27.930000000000003
27.94
27.950000000000003
27.96
27.970000000000002
27.98
27.990000000000002
28.000000000000004
28.01
28.020000000000003
28.03
28.040000000000003
28.05
28.060000000000002
28.070000000000004
28.080000000000002
28.090000000000003
28.1
28.110000000000003
28.12
28.130000000000003
28.14
28.150000000000002
28.160000000000004
28.17
28.180000000000003
28.19
28.200000000000003
28.21
28.220000000000002
28.23
28.240000000000002
28.250000000000004
28.26
28.270000000000003
28.28
28.290000000000003
28.3
28.310000000000002
28.320000000000004
28.330000000000002
28.340000000000003
28.35
28.360000000000003
28.37
28.380000000000003
28.39
28.400000000000002
28.410000000000004
28.42
28.430000000000003
28.44
28.450000000000003
28.46
28.470000000000002
28.48
28.490000000000002
28.500000000000004
28.51
28.520000000000003
28.53
28.540000000000003
28.55
28.560000000000002
28.570000000000004
28.580000000000002
28.590000000000003
28.6
28.610000000000003
28.62
28.630000000000003
28.64
28.650000000000002
28.660000000000004
28.67
28.680000000000003
28.69
28.700000000000003
28.71
28.720000000000002
28.73
28.740000000000002
28.750000000000004
28.76
28.770000000000003
28.78
28.790000000000003
28.8
28.810000000000002
28.820000000000004
28.830000000000002
28.840000000000003
28.85
28.860000000000003
28.87
28.880000000000003
28.89
28.900000000000002
28.910000000000004
28.92
28.930000000000003
28.94
28.950000000000003
28.96
28.970000000000002
28.98
28.990000000000002
29.000000000000004
29.01
29.020000000000003
29.03
29.040000000000003
29.05
29.060000000000002
29.070000000000004
29.080000000000002
29.090000000000003
29.1
29.110000000000003
29.12
29.130000000000003
29.14
29.150000000000002
29.160000000000004
29.17
29.180000000000003
29.19
29.200000000000003
29.21
29.220000000000002
29.23
29.240000000000002
29.250000000000004
29.26
29.270000000000003
29.28
29.290000000000003
29.3
29.310000000000002
29.320000000000004
29.330000000000002
29.340000000000003
29.35
29.360000000000003
29.37
29.380000000000003
29.39
29.400000000000002
29.410000000000004
29.42
29.430000000000003
29.44
29.450000000000003
29.46
29.470000000000002
29.48
29.490000000000002
29.500000000000004
29.51
29.520000000000003
29.53
29.540000000000003
29.55
29.560000000000002
29.570000000000004
29.580000000000002
29.590000000000003
29.6
29.610000000000003
29.62
29.630000000000003
29.64
29.650000000000002
29.660000000000004
29.67
29.680000000000003
29.69
29.700000000000003
29.71
29.720000000000002
29.73
29.740000000000002
29.750000000000004
29.76
29.770000000000003
29.78
29.790000000000003
29.8
29.810000000000002
29.820000000000004
29.830000000000002
29.840000000000003
29.85
29.860000000000003
29.87
29.880000000000003
29.89
29.900000000000002
29.910000000000004
29.92
29.930000000000003
29.94
29.950000000000003
29.96
29.970000000000002
29.98
29.990000000000002
30.000000000000004
30.01
30.020000000000003
30.03
30.040000000000003
30.05
30.060000000000002
30.070000000000004
30.080000000000002
30.090000000000003
30.1
30.110000000000003
30.12
30.130000000000003
30.14
30.150000000000002
30.160000000000004
30.17
30.180000000000003
30.19
30.200000000000003
30.21
30.220000000000002
30.23
30.240000000000002
30.250000000000004
30.26
30.270000000000003
30.28
30.290000000000003
30.3
30.310000000000002
30.320000000000004
30.330000000000002
30.340000000000003
30.35
30.360000000000003
30.37
30.380000000000003
30.39
30.400000000000002
30.410000000000004
30.42
30.430000000000003
30.44
30.450000000000003
30.46
30.470000000000002
30.48
30.490000000000002
30.500000000000004
30.51
30.520000000000003
30.53
30.540000000000003
30.55
30.560000000000002
30.570000000000004
30.580000000000002
30.590000000000003
30.6
30.610000000000003
30.62
30.630000000000003
30.64
30.650000000000002
30.660000000000004
30.67
30.680000000000003
30.69
30.700000000000003
30.71
30.720000000000002
30.73
30.740000000000002
30.750000000000004
30.76
30.770000000000003
30.78
30.790000000000003
30.8
30.810000000000002
30.820000000000004
30.830000000000002
30.840000000000003
30.85
30.860000000000003
30.87
30.880000000000003
30.89
30.900000000000002
30.910000000000004
30.92
30.930000000000003
30.94
30.950000000000003
30.96
30.970000000000002
30.980000000000004
30.990000000000002
31.000000000000004
31.01
31.020000000000003
31.03
31.040000000000003
31.05
31.060000000000002
31.070000000000004
31.080000000000002
31.090000000000003
31.1
31.110000000000003
31.12
31.130000000000003
31.14
31.150000000000002
31.160000000000004
31.17
31.180000000000003
31.19
31.200000000000003
31.21
31.220000000000002
31.230000000000004
31.240000000000002
31.250000000000004
31.26
31.270000000000003
31.28
31.290000000000003
31.3
31.310000000000002
31.320000000000004
31.330000000000002
31.340000000000003
31.35
31.360000000000003
31.37
31.380000000000003
31.39
31.400000000000002
31.410000000000004
31.42
31.430000000000003
31.44
31.450000000000003
31.46
31.470000000000002
31.480000000000004
31.490000000000002
31.500000000000004
31.51
31.520000000000003
31.53
31.540000000000003
31.55
31.560000000000002
31.570000000000004
31.580000000000002
31.590000000000003
31.6
31.610000000000003
31.62
31.630000000000003
31.64
31.650000000000002
31.660000000000004
31.67
31.680000000000003
31.69
31.700000000000003
31.71
31.720000000000002
31.730000000000004
31.740000000000002
31.750000000000004
31.76
31.770000000000003
31.78
31.790000000000003
31.8
31.810000000000002
31.820000000000004
31.830000000000002
31.840000000000003
31.85
31.860000000000003
31.87
31.880000000000003
31.89
31.900000000000002
31.910000000000004
31.92
31.930000000000003
31.94
31.950000000000003
31.96
31.970000000000002
31.980000000000004
31.990000000000002
32.0
32.01
32.019999999999996
32.03
32.04
32.05
32.059999999999995
32.07
32.08
32.089999999999996
32.1
32.11
32.12
32.129999999999995
32.14
32.15
32.16
32.17
32.18
32.19
32.199999999999996
32.21
32.22
32.23
32.24
32.25
32.26
32.269999999999996
32.28
32.29
32.3
32.309999999999995
32.32
32.33
32.339999999999996
32.35
32.36
32.37
32.379999999999995
32.39
32.4
32.41
32.42
32.43
32.44
32.449999999999996
32.46
32.47
32.48
32.49
32.5
32.51
32.519999999999996
32.53
32.54
32.55
32.559999999999995
32.57
32.58
32.589999999999996
32.6
32.61
32.62
32.629999999999995
32.64
32.65
32.66
32.67
32.68
32.69
32.699999999999996
32.71
32.72
32.73
32.74
32.75
32.76
32.769999999999996
32.78
32.79
32.8
32.809999999999995
32.82
32.83
32.839999999999996
32.85
32.86
32.87
32.879999999999995
32.89
32.9
32.91
32.92
32.93
32.94
32.949999999999996
32.96
32.97
32.98
32.99
33.0
33.01
33.019999999999996
33.03
33.04
33.05
33.059999999999995
33.07
33.08
33.089999999999996
33.1
33.11
33.12
33.129999999999995
33.14
33.15
33.16
33.17
33.18
33.19
33.199999999999996
33.21
33.22
33.23
33.24
33.25
33.26
33.269999999999996
33.28
33.29
33.3
33.309999999999995
33.32
33.33
33.339999999999996
33.35
33.36
33.37
33.379999999999995
33.39
33.4
33.41
33.42
33.43
33.44
33.449999999999996
33.46
33.47
33.48
33.49
33.5
33.51
33.519999999999996
33.53
33.54
33.55
33.559999999999995
33.57
33.58
33.589999999999996
33.6
33.61
33.62
33.629999999999995
33.64
33.65
33.66
33.67
33.68
33.69
33.699999999999996
33.71
33.72
33.73
33.74
33.75
33.76
33.769999999999996
33.78
33.79
33.8
33.809999999999995
33.82
33.83
33.839999999999996
33.85
33.86
33.87
33.879999999999995
33.89
33.9
33.91
33.92
33.93
33.94
33.949999999999996
33.96
33.97
33.98
33.99
34.0
34.01
34.019999999999996
34.03
34.04
34.05
34.059999999999995
34.07
34.08
34.089999999999996
34.1
34.11
34.12
34.129999999999995
34.14
34.15
34.16
34.17
34.18
34.19
34.199999999999996
34.21
34.22
34.23
34.24
34.25
34.26
34.269999999999996
34.28
34.29
34.3
34.31
34.32
34.33
34.339999999999996
34.35
34.36
34.37
34.379999999999995
34.39
34.4
34.41
34.42
34.43
34.44
34.449999999999996
34.46
34.47
34.48
34.49
34.5
34.51
34.519999999999996
34.53
34.54
34.55
34.56
34.57
34.58
34.589999999999996
34.6
34.61
34.62
34.629999999999995
34.64
34.65
34.66
34.67
34.68
34.69
34.699999999999996
34.71
34.72
34.73
34.74
34.75
34.76
34.769999999999996
34.78
34.79
34.8
34.81
34.82
34.83
34.839999999999996
34.85
34.86
34.87
34.879999999999995
34.89
34.9
34.91
34.92
34.93
34.94
34.949999999999996
34.96
34.97
34.98
34.99
35.0
35.01
35.019999999999996
35.03
35.04
35.05
35.06
35.07
35.08
35.089999999999996
35.1
35.11
35.12
35.129999999999995
35.14
35.15
35.16
35.17
35.18
35.19
35.199999999999996
35.21
35.22
35.23
35.24
35.25
35.26
35.269999999999996
35.28
35.29
35.3
35.31
35.32
35.33
35.339999999999996
35.35
35.36
35.37
35.379999999999995
35.39
35.4
35.41
35.42
35.43
35.44
35.449999999999996
35.46
35.47
35.48
35.49
35.5
35.51
35.519999999999996
35.53
35.54
35.55
35.56
35.57
35.58
35.589999999999996
35.6
35.61
35.62
35.629999999999995
35.64
35.65
35.66
35.67
35.68
35.69
35.699999999999996
35.71
35.72
35.73
35.74
35.75
35.76
35.769999999999996
35.78
35.79
35.8
35.81
35.82
35.83
35.839999999999996
35.85
35.86
35.87
35.879999999999995
35.89
35.9
35.91
35.92
35.93
35.94
35.949999999999996
35.96
35.97
35.98
35.99
36.0
36.01
36.019999999999996
36.03
36.04
36.05
36.06
36.07
36.08
36.089999999999996
36.1
36.11
36.12
36.129999999999995
36.14
36.15
36.16
36.17
36.18
36.19
36.199999999999996
36.21
36.22
36.23
36.24
36.25
36.26
36.269999999999996
36.28
36.29
36.3
36.31
36.32
36.33
36.339999999999996
36.35
36.36
36.37
36.379999999999995
36.39
36.4
36.41
36.42
36.43
36.44
36.449999999999996
36.46
36.47
36.48
36.49
36.5
36.51
36.519999999999996
36.53
36.54
36.55
36.56
36.57
36.58
36.589999999999996
36.6
36.61
36.62
36.629999999999995
36.64
36.65
36.66
36.67
36.68
36.69
36.699999999999996
36.71
36.72
36.73
36.74
36.75
36.76
36.769999999999996
36.78
36.79
36.8
36.81
36.82
36.83
36.839999999999996
36.85
36.86
36.87
36.879999999999995
36.89
36.9
36.91
36.92
36.93
36.94
36.949999999999996
36.96
36.97
36.98
36.99
37.0
37.01
37.019999999999996
37.03
37.04
37.05
37.06
37.07
37.08
37.089999999999996
37.1
37.11
37.12
37.129999999999995
37.14
37.15
37.16
37.17
37.18
37.19
37.199999999999996
37.21
37.22
37.23
37.24
37.25
37.26
37.269999999999996
37.28
37.29
37.3
37.31
37.32
37.33
37.339999999999996
37.35
37.36
37.37
37.379999999999995
37.39
37.4
37.41
37.42
37.43
37.44
37.449999999999996
37.46
37.47
37.48
37.49
37.5
37.51
37.519999999999996
37.53
37.54
37.55
37.56
37.57
37.58
37.589999999999996
37.6
37.61
37.62
37.629999999999995
37.64
37.65
37.66
37.67
37.68
37.69
37.699999999999996
37.71
37.72
37.73
37.74
37.75
37.76
37.769999999999996
37.78
37.79
37.8
37.81
37.82
37.83
37.839999999999996
37.85
37.86
37.87
37.879999999999995
37.89
37.9
37.91
37.92
37.93
37.94
37.949999999999996
37.96
37.97
37.98
37.99
38.0
38.01
38.019999999999996
38.03
38.04
38.05
38.06
38.07
38.08
38.089999999999996
38.1
38.11
38.12
38.129999999999995
38.14
38.15
38.16
38.17
38.18
38.19
38.199999999999996
38.21
38.22
38.23
38.24
38.25
38.26
38.269999999999996
38.28
38.29
38.3
38.31
38.32
38.33
38.339999999999996
38.35
38.36
38.37
38.379999999999995
38.39
38.4
38.41
38.42
38.43
38.44
38.449999999999996
38.46
38.47
38.48
38.49
38.5
38.51
38.519999999999996
38.53
38.54
38.55
38.56
38.57
38.58
38.589999999999996
38.6
38.61
38.62
38.629999999999995
38.64
38.65
38.66
38.67
38.68
38.69
38.699999999999996
38.71
38.72
38.73
38.74
38.75
38.76
38.769999999999996
38.78
38.79
38.8
38.81
38.82
38.83
38.839999999999996
38.85
38.86
38.87
38.879999999999995
38.89
38.9
38.91
38.92
38.93
38.94
38.949999999999996
38.96
38.97
38.98
38.99
39.0
39.01
39.019999999999996
39.03
39.04
39.05
39.06
39.07
39.08
39.089999999999996
39.1
39.11
39.12
39.129999999999995
39.14
39.15
39.16
39.17
39.18
39.19
39.199999999999996
39.21
39.22
39.23
39.24
39.25
39.26
39.269999999999996
39.28
39.29
39.3
39.31
39.32
39.33
39.339999999999996
39.35
39.36
39.37
39.379999999999995
39.39
39.4
39.41
39.42
39.43
39.44
39.449999999999996
39.46
39.47
39.48
39.49
39.5
39.51
39.519999999999996
39.53
39.54
39.55
39.56
39.57
39.58
39.589999999999996
39.6
39.61
39.62
39.629999999999995
39.64
39.65
39.66
39.67
39.68
39.69
39.699999999999996
39.71
39.72
39.73
39.74
39.75
39.76
39.769999999999996
39.78
39.79
39.8
39.81
39.82
39.83
39.839999999999996
39.85
39.86
39.87
39.879999999999995
39.89
39.9
39.91
39.92
39.93
39.94
39.949999999999996
39.96
39.97
39.98
39.99
40.0
40.01
40.019999999999996
40.03
40.04
40.05
40.06
40.07
40.08
40.089999999999996
40.1
40.11
40.12
40.129999999999995
40.14
40.15
40.16
40.17
40.18
40.19
40.199999999999996
40.21
40.22
40.23
40.24
40.25
40.26
40.269999999999996
40.28
40.29
40.3
40.31
40.32
40.33
40.339999999999996
40.35
40.36
40.37
40.379999999999995
40.39
40.4
40.41
40.42
40.43
40.44
40.449999999999996
40.46
40.47
40.48
40.49
40.5
40.51
40.519999999999996
40.53
40.54
40.55
40.56
40.57
40.58
40.589999999999996
40.6
40.61
40.62
40.629999999999995
40.64
40.65
40.66
40.67
40.68
40.69
40.699999999999996
40.71
40.72
40.73
40.74
40.75
40.76
40.769999999999996
40.78
40.79
40.8
40.81
40.82
40.83
40.839999999999996
40.85
40.86
40.87
40.879999999999995
40.89
40.9
40.91
40.92
40.93
40.94
40.949999999999996
40.96
40.97
40.98
40.99
41.0
41.01
41.019999999999996
41.03
41.04
41.05
41.06
41.07
41.08
41.089999999999996
41.1
41.11
41.12
41.129999999999995
41.14
41.15
41.16
41.17
41.18
41.19
41.199999999999996
41.21
41.22
41.23
41.24
41.25
41.26
41.269999999999996
41.28
41.29
41.3
41.31
41.32
41.33
41.339999999999996
41.35
41.36
41.37
41.379999999999995
41.39
41.4
41.41
41.42
41.43
41.44
41.449999999999996
41.46
41.47
41.48
41.49
41.5
41.51
41.519999999999996
41.53
41.54
41.55
41.56
41.57
41.58
41.589999999999996
41.6
41.61
41.62
41.629999999999995
41.64
41.65
41.66
41.67
41.68
41.69
41.699999999999996
41.71
41.72
41.73
41.74
41.75
41.76
41.769999999999996
41.78
41.79
41.8
41.81
41.82
41.83
41.839999999999996
41.85
41.86
41.87
41.879999999999995
41.89
41.9
41.91
41.92
41.93
41.94
41.949999999999996
41.96
41.97
41.98
41.99
42.0
42.01
42.019999999999996
42.03
42.04
42.05
42.06
42.07
42.08
42.089999999999996
42.1
42.11
42.12
42.129999999999995
42.14
42.15
42.16
42.17
42.18
42.19
42.199999999999996
42.21
42.22
42.23
42.24
42.25
42.26
42.269999999999996
42.28
42.29
42.3
42.31
42.32
42.33
42.339999999999996
42.35
42.36
42.37
42.379999999999995
42.39
42.4
42.41
42.42
42.43
42.44
42.449999999999996
42.46
42.47
42.48
42.49
42.5
42.51
42.519999999999996
42.53
42.54
42.55
42.56
42.57
42.58
42.589999999999996
42.6
42.61
42.62
42.629999999999995
42.64
42.65
42.66
42.67
42.68
42.69
42.699999999999996
42.71
42.72
42.73
42.74
42.75
42.76
42.769999999999996
42.78
42.79
42.8
42.81
42.82
42.83
42.839999999999996
42.85
42.86
42.87
42.879999999999995
42.89
42.9
42.91
42.92
42.93
42.94
42.949999999999996
42.96
42.97
42.98
42.99
43.0
43.01
43.019999999999996
43.03
43.04
43.05
43.06
43.07
43.08
43.089999999999996
43.1
43.11
43.12
43.129999999999995
43.14
43.15
43.16
43.17
43.18
43.19
43.199999999999996
43.21
43.22
43.23
43.24
43.25
43.26
43.269999999999996
43.28
43.29
43.3
43.31
43.32
43.33
43.339999999999996
43.35
43.36
43.37
43.379999999999995
43.39
43.4
43.41
43.42
43.43
43.44
43.449999999999996
43.46
43.47
43.48
43.49
43.5
43.51
43.519999999999996
43.53
43.54
43.55
43.56
43.57
43.58
43.589999999999996
43.6
43.61
43.62
43.629999999999995
43.64
43.65
43.66
43.67
43.68
43.69
43.699999999999996
43.71
43.72
43.73
43.74
43.75
43.76
43.769999999999996
43.78
43.79
43.8
43.81
43.82
43.83
43.839999999999996
43.85
43.86
43.87
43.879999999999995
43.89
43.9
43.91
43.92
43.93
43.94
43.949999999999996
43.96
43.97
43.98
43.99
44.0
44.01
44.019999999999996
44.03
44.04
44.05
44.06
44.07
44.08
44.089999999999996
44.1
44.11
44.12
44.129999999999995
44.14
44.15
44.16
44.17
44.18
44.19
44.199999999999996
44.21
44.22
44.23
44.24
44.25
44.26
44.269999999999996
44.28
44.29
44.3
44.31
44.32
44.33
44.339999999999996
44.35
44.36
44.37
44.379999999999995
44.39
44.4
44.41
44.42
44.43
44.44
44.449999999999996
44.46
44.47
44.48
44.49
44.5
44.51
44.519999999999996
44.53
44.54
44.55
44.56
44.57
44.58
44.589999999999996
44.6
44.61
44.62
44.629999999999995
44.64
44.65
44.66
44.67
44.68
44.69
44.699999999999996
44.71
44.72
44.73
44.74
44.75
44.76
44.769999999999996
44.78
44.79
44.8
44.81
44.82
44.83
44.839999999999996
44.85
44.86
44.87
44.879999999999995
44.89
44.9
44.91
44.92
44.93
44.94
44.949999999999996
44.96
44.97
44.98
44.99
45.0
45.01
45.019999999999996
45.03
45.04
45.05
45.06
45.07
45.08
45.089999999999996
45.1
45.11
45.12
45.129999999999995
45.14
45.15
45.16
45.17
45.18
45.19
45.199999999999996
45.21
45.22
45.23
45.24
45.25
45.26
45.269999999999996
45.28
45.29
45.3
45.31
45.32
45.33
45.339999999999996
45.35
45.36
45.37
45.379999999999995
45.39
45.4
45.41
45.42
45.43
45.44
45.449999999999996
45.46
45.47
45.48
45.49
45.5
45.51
45.519999999999996
45.53
45.54
45.55
45.56
45.57
45.58
45.589999999999996
45.6
45.61
45.62
45.629999999999995
45.64
45.65
45.66
45.67
45.68
45.69
45.699999999999996
45.71
45.72
45.73
45.74
45.75
45.76
45.769999999999996
45.78
45.79
45.8
45.81
45.82
45.83
45.839999999999996
45.85
45.86
45.87
45.879999999999995
45.89
45.9
45.91
45.92
45.93
45.94
45.949999999999996
45.96
45.97
45.98
45.99
46.0
46.01
46.019999999999996
46.03
46.04
46.05
46.06
46.07
46.08
46.089999999999996
46.1
46.11
46.12
46.129999999999995
46.14
46.15
46.16
46.17
46.18
46.19
46.199999999999996
46.21
46.22
46.23
46.24
46.25
46.26
46.269999999999996
46.28
46.29
46.3
46.31
46.32
46.33
46.339999999999996
46.35
46.36
46.37
46.379999999999995
46.39
46.4
46.41
46.42
46.43
46.44
46.449999999999996
46.46
46.47
46.48
46.49
46.5
46.51
46.519999999999996
46.53
46.54
46.55
46.56
46.57
46.58
46.589999999999996
46.6
46.61
46.62
46.629999999999995
46.64
46.65
46.66
46.67
46.68
46.69
46.699999999999996
46.71
46.72
46.73
46.74
46.75
46.76
46.769999999999996
46.78
46.79
46.8
46.81
46.82
46.83
46.839999999999996
46.85
46.86
46.87
46.879999999999995
46.89
46.9
46.91
46.92
46.93
46.94
46.949999999999996
46.96
46.97
46.98
46.99
47.0
47.01
47.019999999999996
47.03
47.04
47.05
47.06
47.07
47.08
47.089999999999996
47.1
47.11
47.12
47.129999999999995
47.14
47.15
47.16
47.17
47.18
47.19
47.199999999999996
47.21
47.22
47.23
47.24
47.25
47.26
47.269999999999996
47.28
47.29
47.3
47.31
47.32
47.33
47.339999999999996
47.35
47.36
47.37
47.379999999999995
47.39
47.4
47.41
47.42
47.43
47.44
47.449999999999996
47.46
47.47
47.48
47.49
47.5
47.51
47.519999999999996
47.53
47.54
47.55
47.56
47.57
47.58
47.589999999999996
47.6
47.61
47.62
47.629999999999995
47.64
47.65
47.66
47.67
47.68
47.69
47.699999999999996
47.71
47.72
47.73
47.74
47.75
47.76
47.769999999999996
47.78
47.79
47.8
47.81
47.82
47.83
47.839999999999996
47.85
47.86
47.87
47.88
47.89
47.9
47.91
47.92
47.93
47.94
47.949999999999996
47.96
47.97
47.98
47.99
48.0
48.01
48.019999999999996
48.03
48.04
48.05
48.06
48.07
48.08
48.089999999999996
48.1
48.11
48.12
48.13
48.14
48.15
48.16
48.17
48.18
48.19
48.199999999999996
48.21
48.22
48.23
48.24
48.25
48.26
48.269999999999996
48.28
48.29
48.3
48.31
48.32
48.33
48.339999999999996
48.35
48.36
48.37
48.38
48.39
48.4
48.41
48.42
48.43
48.44
48.449999999999996
48.46
48.47
48.48
48.49
48.5
48.51
48.519999999999996
48.53
48.54
48.55
48.56
48.57
48.58
48.589999999999996
48.6
48.61
48.62
48.63
48.64
48.65
48.66
48.67
48.68
48.69
48.699999999999996
48.71
48.72
48.73
48.74
48.75
48.76
48.769999999999996
48.78
48.79
48.8
48.81
48.82
48.83
48.839999999999996
48.85
48.86
48.87
48.88
48.89
48.9
48.91
48.92
48.93
48.94
48.949999999999996
48.96
48.97
48.98
48.99
49.0
49.01
49.019999999999996
49.03
49.04
49.05
49.06
49.07
49.08
49.089999999999996
49.1
49.11
49.12
49.13
49.14
49.15
49.16
49.17
49.18
49.19
49.199999999999996
49.21
49.22
49.23
49.24
49.25
49.26
49.269999999999996
49.28
49.29
49.3
49.31
49.32
49.33
49.339999999999996
49.35
49.36
49.37
49.38
49.39
49.4
49.41
49.42
49.43
49.44
49.449999999999996
49.46
49.47
49.48
49.49
49.5
49.51
49.519999999999996
49.53
49.54
49.55
49.56
49.57
49.58
49.589999999999996
49.6
49.61
49.62
49.63
49.64
49.65
49.66
49.67
49.68
49.69
49.699999999999996
49.71
49.72
49.73
49.74
49.75
49.76
49.769999999999996
49.78
49.79
49.8
49.81
49.82
49.83
49.839999999999996
49.85
49.86
49.87
49.88
49.89
49.9
49.91
49.92
49.93
49.94
49.949999999999996
49.96
49.97
49.98
49.99
50.0
50.01
50.019999999999996
50.03
50.04
50.05
50.06
50.07
50.08
50.089999999999996
50.1
50.11
50.12
50.13
50.14
50.15
50.16
50.17
50.18
50.19
50.199999999999996
50.21
50.22
50.23
50.24
50.25
50.26
50.269999999999996
50.28
50.29
50.3
50.31
50.32
50.33
50.339999999999996
50.35
50.36
50.37
50.38
50.39
50.4
50.41
50.42
50.43
50.44
50.449999999999996
50.46
50.47
50.48
50.49
50.5
50.51
50.519999999999996
50.53
50.54
50.55
50.56
50.57
50.58
50.589999999999996
50.6
50.61
50.62
50.63
50.64
50.65
50.66
50.67
50.68
50.69
50.699999999999996
50.71
50.72
50.73
50.74
50.75
50.76
50.769999999999996
50.78
50.79
50.8
50.81
50.82
50.83
50.839999999999996
50.85
50.86
50.87
50.88
50.89
50.9
50.91
50.92
50.93
50.94
50.949999999999996
50.96
50.97
50.98
50.99
51.0
51.01
51.019999999999996
51.03
51.04
51.05
51.06
51.07
51.08
51.089999999999996
51.1
51.11
51.12
51.13
51.14
51.15
51.16
51.17
51.18
51.19
51.199999999999996
51.21
51.22
51.23
51.24
51.25
51.26
51.269999999999996
51.28
51.29
51.3
51.31
51.32
51.33
51.339999999999996
51.35
51.36
51.37
51.38
51.39
51.4
51.41
51.42
51.43
51.44
51.449999999999996
51.46
51.47
51.48
51.49
51.5
51.51
51.519999999999996
51.53
51.54
51.55
51.56
51.57
51.58
51.589999999999996
51.6
51.61
51.62
51.63
51.64
51.65
51.66
51.67
51.68
51.69
51.699999999999996
51.71
51.72
51.73
51.74
51.75
51.76
51.769999999999996
51.78
51.79
51.8
51.81
51.82
51.83
51.839999999999996
51.85
51.86
51.87
51.88
51.89
51.9
51.91
51.92
51.93
51.94
51.949999999999996
51.96
51.97
51.98
51.99
52.0
52.01
52.019999999999996
52.03
52.04
52.05
52.06
52.07
52.08
52.089999999999996
52.1
52.11
52.12
52.13
52.14
52.15
52.16
52.17
52.18
52.19
52.199999999999996
52.21
52.22
52.23
52.24
52.25
52.26
52.269999999999996
52.28
52.29
52.3
52.31
52.32
52.33
52.339999999999996
52.35
52.36
52.37
52.38
52.39
52.4
52.41
52.42
52.43
52.44
52.449999999999996
52.46
52.47
52.48
52.49
52.5
52.51
52.519999999999996
52.53
52.54
52.55
52.56
52.57
52.58
52.589999999999996
52.6
52.61
52.62
52.63
52.64
52.65
52.66
52.67
52.68
52.69
52.699999999999996
52.71
52.72
52.73
52.74
52.75
52.76
52.769999999999996
52.78
52.79
52.8
52.81
52.82
52.83
52.839999999999996
52.85
52.86
52.87
52.88
52.89
52.9
52.91
52.92
52.93
52.94
52.949999999999996
52.96
52.97
52.98
52.99
53.0
53.01
53.019999999999996
53.03
53.04
53.05
53.06
53.07
53.08
53.089999999999996
53.1
53.11
53.12
53.13
53.14
53.15
53.16
53.17
53.18
53.19
53.199999999999996
53.21
53.22
53.23
53.24
53.25
53.26
53.269999999999996
53.28
53.29
53.3
53.31
53.32
53.33
53.339999999999996
53.35
53.36
53.37
53.38
53.39
53.4
53.41
53.42
53.43
53.44
53.449999999999996
53.46
53.47
53.48
53.49
53.5
53.51
53.519999999999996
53.53
53.54
53.55
53.56
53.57
53.58
53.589999999999996
53.6
53.61
53.62
53.63
53.64
53.65
53.66
53.67
53.68
53.69
53.699999999999996
53.71
53.72
53.73
53.74
53.75
53.76
53.769999999999996
53.78
53.79
53.8
53.81
53.82
53.83
53.839999999999996
53.85
53.86
53.87
53.88
53.89
53.9
53.91
53.92
53.93
53.94
53.949999999999996
53.96
53.97
53.98
53.99
54.0
54.01
54.019999999999996
54.03
54.04
54.05
54.06
54.07
54.08
54.089999999999996
54.1
54.11
54.12
54.13
54.14
54.15
54.16
54.17
54.18
54.19
54.199999999999996
54.21
54.22
54.23
54.24
54.25
54.26
54.269999999999996
54.28
54.29
54.3
54.31
54.32
54.33
54.339999999999996
54.35
54.36
54.37
54.38
54.39
54.4
54.41
54.42
54.43
54.44
54.449999999999996
54.46
54.47
54.48
54.49
54.5
54.51
54.519999999999996
54.53
54.54
54.55
54.56
54.57
54.58
54.589999999999996
54.6
54.61
54.62
54.63
54.64
54.65
54.66
54.67
54.68
54.69
54.699999999999996
54.71
54.72
54.73
54.74
54.75
54.76
54.769999999999996
54.78
54.79
54.8
54.81
54.82
54.83
54.839999999999996
54.85
54.86
54.87
54.88
54.89
54.9
54.91
54.92
54.93
54.94
54.949999999999996
54.96
54.97
54.98
54.99
55.0
55.01
55.019999999999996
55.03
55.04
55.05
55.06
55.07
55.08
55.089999999999996
55.1
55.11
55.12
55.13
55.14
55.15
55.16
55.17
55.18
55.19
55.199999999999996
55.21
55.22
55.23
55.24
55.25
55.26
55.269999999999996
55.28
55.29
55.3
55.31
55.32
55.33
55.339999999999996
55.35
55.36
55.37
55.38
55.39
55.4
55.41
55.42
55.43
55.44
55.449999999999996
55.46
55.47
55.48
55.49
55.5
55.51
55.519999999999996
55.53
55.54
55.55
55.56
55.57
55.58
55.589999999999996
55.6
55.61
55.62
55.63
55.64
55.65
55.66
55.67
55.68
55.69
55.699999999999996
55.71
55.72
55.73
55.74
55.75
55.76
55.769999999999996
55.78
55.79
55.8
55.81
55.82
55.83
55.839999999999996
55.85
55.86
55.87
55.88
55.89
55.9
55.91
55.92
55.93
55.94
55.949999999999996
55.96
55.97
55.98
55.99
56.0
56.01
56.019999999999996
56.03
56.04
56.05
56.06
56.07
56.08
56.089999999999996
56.1
56.11
56.12
56.13
56.14
56.15
56.16
56.17
56.18
56.19
56.199999999999996
56.21
56.22
56.23
56.24
56.25
56.26
56.269999999999996
56.28
56.29
56.3
56.31
56.32
56.33
56.339999999999996
56.35
56.36
56.37
56.38
56.39
56.4
56.41
56.42
56.43
56.44
56.449999999999996
56.46
56.47
56.48
56.49
56.5
56.51
56.519999999999996
56.53
56.54
56.55
56.56
56.57
56.58
56.589999999999996
56.6
56.61
56.62
56.63
56.64
56.65
56.66
56.67
56.68
56.69
56.699999999999996
56.71
56.72
56.73
56.74
56.75
56.76
56.769999999999996
56.78
56.79
56.8
56.81
56.82
56.83
56.839999999999996
56.85
56.86
56.87
56.88
56.89
56.9
56.91
56.92
56.93
56.94
56.949999999999996
56.96
56.97
56.98
56.99
57.0
57.01
57.019999999999996
57.03
57.04
57.05
57.06
57.07
57.08
57.089999999999996
57.1
57.11
57.12
57.13
57.14
57.15
57.16
57.17
57.18
57.19
57.199999999999996
57.21
57.22
57.23
57.24
57.25
57.26
57.269999999999996
57.28
57.29
57.3
57.31
57.32
57.33
57.339999999999996
57.35
57.36
57.37
57.38
57.39
57.4
57.41
57.42
57.43
57.44
57.449999999999996
57.46
57.47
57.48
57.49
57.5
57.51
57.519999999999996
57.53
57.54
57.55
57.56
57.57
57.58
57.589999999999996
57.6
57.61
57.62
57.63
57.64
57.65
57.66
57.67
57.68
57.69
57.699999999999996
57.71
57.72
57.73
57.74
57.75
57.76
57.769999999999996
57.78
57.79
57.8
57.81
57.82
57.83
57.839999999999996
57.85
57.86
57.87
57.88
57.89
57.9
57.91
57.92
57.93
57.94
57.949999999999996
57.96
57.97
57.98
57.99
58.0
58.01
58.019999999999996
58.03
58.04
58.05
58.06
58.07
58.08
58.089999999999996
58.1
58.11
58.12
58.13
58.14
58.15
58.16
58.17
58.18
58.19
58.199999999999996
58.21
58.22
58.23
58.24
58.25
58.26
58.269999999999996
58.28
58.29
58.3
58.31
58.32
58.33
58.339999999999996
58.35
58.36
58.37
58.38
58.39
58.4
58.41
58.42
58.43
58.44
58.449999999999996
58.46
58.47
58.48
58.49
58.5
58.51
58.519999999999996
58.53
58.54
58.55
58.56
58.57
58.58
58.589999999999996
58.6
58.61
58.62
58.63
58.64
58.65
58.66
58.67
58.68
58.69
58.699999999999996
58.71
58.72
58.73
58.74
58.75
58.76
58.769999999999996
58.78
58.79
58.8
58.81
58.82
58.83
58.839999999999996
58.85
58.86
58.87
58.88
58.89
58.9
58.91
58.92
58.93
58.94
58.949999999999996
58.96
58.97
58.98
58.99
59.0
59.01
59.019999999999996
59.03
59.04
59.05
59.06
59.07
59.08
59.089999999999996
59.1
59.11
59.12
59.13
59.14
59.15
59.16
59.17
59.18
59.19
59.199999999999996
59.21
59.22
59.23
59.24
59.25
59.26
59.269999999999996
59.28
59.29
59.3
59.31
59.32
59.33
59.339999999999996
59.35
59.36
59.37
59.38
59.39
59.4
59.41
59.42
59.43
59.44
59.449999999999996
59.46
59.47
59.48
59.49
59.5
59.51
59.519999999999996
59.53
59.54
59.55
59.56
59.57
59.58
59.589999999999996
59.6
59.61
59.62
59.63
59.64
59.65
59.66
59.67
59.68
59.69
59.699999999999996
59.71
59.72
59.73
59.74
59.75
59.76
59.769999999999996
59.78
59.79
59.8
59.81
59.82
59.83
59.839999999999996
59.85
59.86
59.87
59.88
59.89
59.9
59.91
59.92
59.93
59.94
59.949999999999996
59.96
59.97
59.98
59.99
60.0
60.01
60.019999999999996
60.03
60.04
60.05
60.06
60.07
60.08
60.089999999999996
60.1
60.11
60.12
60.13
60.14
60.15
60.16
60.17
60.18
60.19
60.199999999999996
60.21
60.22
60.23
60.24
60.25
60.26
60.269999999999996
60.28
60.29
60.3
60.31
60.32
60.33
60.339999999999996
60.35
60.36
60.37
60.38
60.39
60.4
60.41
60.42
60.43
60.44
60.449999999999996
60.46
60.47
60.48
60.49
60.5
60.51
60.519999999999996
60.53
60.54
60.55
60.56
60.57
60.58
60.589999999999996
60.6
60.61
60.62
60.63
60.64
60.65
60.66
60.67
60.68
60.69
60.699999999999996
60.71
60.72
60.73
60.74
60.75
60.76
60.769999999999996
60.78
60.79
60.8
60.81
60.82
60.83
60.839999999999996
60.85
60.86
60.87
60.88
60.89
60.9
60.91
60.92
60.93
60.94
60.949999999999996
60.96
60.97
60.98
60.99
61.0
61.01
61.019999999999996
61.03
61.04
61.05
61.06
61.07
61.08
61.089999999999996
61.1
61.11
61.12
61.13
61.14
61.15
61.16
61.17
61.18
61.19
61.199999999999996
61.21
61.22
61.23
61.24
61.25
61.26
61.269999999999996
61.28
61.29
61.3
61.31
61.32
61.33
61.339999999999996
61.35
61.36
61.37
61.38
61.39
61.4
61.41
61.42
61.43
61.44
61.449999999999996
61.46
61.47
61.48
61.49
61.5
61.51
61.519999999999996
61.53
61.54
61.55
61.56
61.57
61.58
61.589999999999996
61.6
61.61
61.62
61.63
61.64
61.65
61.66
61.67
61.68
61.69
61.7
61.71
61.72
61.73
61.74
61.75
61.76
61.769999999999996
61.78
61.79
61.8
61.81
61.82
61.83
61.839999999999996
61.85
61.86
61.87
61.88
61.89
61.9
61.91
61.92
61.93
61.94
61.95
61.96
61.97
61.98
61.99
62.0
62.01
62.019999999999996
62.03
62.04
62.05
62.06
62.07
62.08
62.089999999999996
62.1
62.11
62.12
62.13
62.14
62.15
62.16
62.17
62.18
62.19
62.2
62.21
62.22
62.23
62.24
62.25
62.26
62.269999999999996
62.28
62.29
62.3
62.31
62.32
62.33
62.339999999999996
62.35
62.36
62.37
62.38
62.39
62.4
62.41
62.42
62.43
62.44
62.45
62.46
62.47
62.48
62.49
62.5
62.51
62.519999999999996
62.53
62.54
62.55
62.56
62.57
62.58
62.589999999999996
62.6
62.61
62.62
62.63
62.64
62.65
62.66
62.67
62.68
62.69
62.7
62.71
62.72
62.73
62.74
62.75
62.76
62.769999999999996
62.78
62.79
62.8
62.81
62.82
62.83
62.839999999999996
62.85
62.86
62.87
62.88
62.89
62.9
62.91
62.92
62.93
62.94
62.95
62.96
62.97
62.98
62.99
63.0
63.01
63.019999999999996
63.03
63.04
63.05
63.06
63.07
63.08
63.089999999999996
63.1
63.11
63.12
63.13
63.14
63.15
63.16
63.17
63.18
63.19
63.2
63.21
63.22
63.23
63.24
63.25
63.26
63.269999999999996
63.28
63.29
63.3
63.31
63.32
63.33
63.339999999999996
63.35
63.36
63.37
63.38
63.39
63.4
63.41
63.42
63.43
63.44
63.45
63.46
63.47
63.48
63.49
63.5
63.51
63.519999999999996
63.53
63.54
63.55
63.56
63.57
63.58
63.589999999999996
63.6
63.61
63.62
63.63
63.64
63.65
63.66
63.67
63.68
63.69
63.7
63.71
63.72
63.73
63.74
63.75
63.76
63.769999999999996
63.78
63.79
63.8
63.81
63.82
63.83
63.839999999999996
63.85
63.86
63.87
63.88
63.89
63.9
63.91
63.92
63.93
63.94
63.95
63.96
63.97
63.98
63.99
64.0
64.01
64.02000000000001
64.03
64.04
64.05000000000001
64.06
64.07000000000001
64.08000000000001
64.09
64.10000000000001
64.11
64.12
64.13000000000001
64.14
64.15
64.16000000000001
64.17
64.18
64.19000000000001
64.2
64.21000000000001
64.22000000000001
64.23
64.24000000000001
64.25
64.26
64.27000000000001
64.28
64.29
64.30000000000001
64.31
64.32000000000001
64.33000000000001
64.34
64.35000000000001
64.36
64.37
64.38000000000001
64.39
64.4
64.41000000000001
64.42
64.43
64.44000000000001
64.45
64.46000000000001
64.47000000000001
64.48
64.49000000000001
64.5
64.51
64.52000000000001
64.53
64.54
64.55000000000001
64.56
64.57000000000001
64.58000000000001
64.59
64.60000000000001
64.61
64.62
64.63000000000001
64.64
64.65
64.66000000000001
64.67
64.68
64.69000000000001
64.7
64.71000000000001
64.72000000000001
64.73
64.74000000000001
64.75
64.76
64.77000000000001
64.78
64.79
64.80000000000001
64.81
64.82000000000001
64.83000000000001
64.84
64.85000000000001
64.86
64.87
64.88000000000001
64.89
64.9
64.91000000000001
64.92
64.93
64.94000000000001
64.95
64.96000000000001
64.97000000000001
64.98
64.99000000000001
65.0
65.01
65.02000000000001
65.03
65.04
65.05000000000001
65.06
65.07000000000001
65.08000000000001
65.09
65.10000000000001
65.11
65.12
65.13000000000001
65.14
65.15
65.16000000000001
65.17
65.18
65.19000000000001
65.2
65.21000000000001
65.22000000000001
65.23
65.24000000000001
65.25
65.26
65.27000000000001
65.28
65.29
65.30000000000001
65.31
65.32000000000001
65.33000000000001
65.34
65.35000000000001
65.36
65.37
65.38000000000001
65.39
65.4
65.41000000000001
65.42
65.43
65.44000000000001
65.45
65.46000000000001
65.47000000000001
65.48
65.49000000000001
65.5
65.51
65.52000000000001
65.53
65.54
65.55000000000001
65.56
65.57000000000001
65.58000000000001
65.59
65.60000000000001
65.61
65.62
65.63000000000001
65.64
65.65
65.66000000000001
65.67
65.68
65.69000000000001
65.7
65.71000000000001
65.72000000000001
65.73
65.74000000000001
65.75
65.76
65.77000000000001
65.78
65.79
65.80000000000001
65.81
65.82000000000001
65.83000000000001
65.84
65.85000000000001
65.86
65.87
65.88000000000001
65.89
65.9
65.91000000000001
65.92
65.93
65.94000000000001
65.95
65.96000000000001
65.97000000000001
65.98
65.99000000000001
66.0
66.01
66.02000000000001
66.03
66.04
66.05000000000001
66.06
66.07000000000001
66.08000000000001
66.09
66.10000000000001
66.11
66.12
66.13000000000001
66.14
66.15
66.16000000000001
66.17
66.18
66.19000000000001
66.2
66.21000000000001
66.22000000000001
66.23
66.24000000000001
66.25
66.26
66.27000000000001
66.28
66.29
66.30000000000001
66.31
66.32000000000001
66.33000000000001
66.34
66.35000000000001
66.36
66.37
66.38000000000001
66.39
66.4
66.41000000000001
66.42
66.43
66.44000000000001
66.45
66.46000000000001
66.47000000000001
66.48
66.49000000000001
66.5
66.51
66.52000000000001
66.53
66.54
66.55000000000001
66.56
66.57000000000001
66.58000000000001
66.59
66.60000000000001
66.61
66.62
66.63000000000001
66.64
66.65
66.66000000000001
66.67
66.68
66.69000000000001
66.7
66.71000000000001
66.72000000000001
66.73
66.74000000000001
66.75
66.76
66.77000000000001
66.78
66.79
66.80000000000001
66.81
66.82000000000001
66.83000000000001
66.84
66.85000000000001
66.86
66.87
66.88000000000001
66.89
66.9
66.91000000000001
66.92
66.93
66.94000000000001
66.95
66.96000000000001
66.97000000000001
66.98
66.99000000000001
67.0
67.01
67.02000000000001
67.03
67.04
67.05000000000001
67.06
67.07000000000001
67.08000000000001
67.09
67.10000000000001
67.11
67.12
67.13000000000001
67.14
67.15
67.16000000000001
67.17
67.18
67.19000000000001
67.2
67.21000000000001
67.22000000000001
67.23
67.24000000000001
67.25
67.26
67.27000000000001
67.28
67.29
67.30000000000001
67.31
67.32000000000001
67.33000000000001
67.34
67.35000000000001
67.36
67.37
67.38000000000001
67.39
67.4
67.41000000000001
67.42
67.43
67.44000000000001
67.45
67.46000000000001
67.47000000000001
67.48
67.49000000000001
67.5
67.51
67.52000000000001
67.53
67.54
67.55000000000001
67.56
67.57000000000001
67.58000000000001
67.59
67.60000000000001
67.61
67.62
67.63000000000001
67.64
67.65
67.66000000000001
67.67
67.68
67.69000000000001
67.7
67.71000000000001
67.72000000000001
67.73
67.74000000000001
67.75
67.76
67.77000000000001
67.78
67.79
67.80000000000001
67.81
67.82000000000001
67.83000000000001
67.84
67.85000000000001
67.86
67.87
67.88000000000001
67.89
67.9
67.91000000000001
67.92
67.93
67.94000000000001
67.95
67.96000000000001
67.97000000000001
67.98
67.99000000000001
68.0
68.01
68.02000000000001
68.03
68.04
68.05000000000001
68.06
68.07000000000001
68.08000000000001
68.09
68.10000000000001
68.11
68.12
68.13000000000001
68.14
68.15
68.16000000000001
68.17
68.18
68.19000000000001
68.2
68.21000000000001
68.22000000000001
68.23
68.24000000000001
68.25
68.26
68.27000000000001
68.28
68.29
68.30000000000001
68.31
68.32000000000001
68.33000000000001
68.34
68.35000000000001
68.36000000000001
68.37
68.38000000000001
68.39
68.4
68.41000000000001
68.42
68.43
68.44000000000001
68.45
68.46000000000001
68.47000000000001
68.48
68.49000000000001
68.5
68.51
68.52000000000001
68.53
68.54
68.55000000000001
68.56
68.57000000000001
68.58000000000001
68.59
68.60000000000001
68.61000000000001
68.62
68.63000000000001
68.64
68.65
68.66000000000001
68.67
68.68
68.69000000000001
68.7
68.71000000000001
68.72000000000001
68.73
68.74000000000001
68.75
68.76
68.77000000000001
68.78
68.79
68.80000000000001
68.81
68.82000000000001
68.83000000000001
68.84
68.85000000000001
68.86000000000001
68.87
68.88000000000001
68.89
68.9
68.91000000000001
68.92
68.93
68.94000000000001
68.95
68.96000000000001
68.97000000000001
68.98
68.99000000000001
69.0
69.01
69.02000000000001
69.03
69.04
69.05000000000001
69.06
69.07000000000001
69.08000000000001
69.09
69.10000000000001
69.11000000000001
69.12
69.13000000000001
69.14
69.15
69.16000000000001
69.17
69.18
69.19000000000001
69.2
69.21000000000001
69.22000000000001
69.23
69.24000000000001
69.25
69.26
69.27000000000001
69.28
69.29
69.30000000000001
69.31
69.32000000000001
69.33000000000001
69.34
69.35000000000001
69.36000000000001
69.37
69.38000000000001
69.39
69.4
69.41000000000001
69.42
69.43
69.44000000000001
69.45
69.46000000000001
69.47000000000001
69.48
69.49000000000001
69.5
69.51
69.52000000000001
69.53
69.54
69.55000000000001
69.56
69.57000000000001
69.58000000000001
69.59
69.60000000000001
69.61000000000001
69.62
69.63000000000001
69.64
69.65
69.66000000000001
69.67
69.68
69.69000000000001
69.7
69.71000000000001
69.72000000000001
69.73
69.74000000000001
69.75
69.76
69.77000000000001
69.78
69.79
69.80000000000001
69.81
69.82000000000001
69.83000000000001
69.84
69.85000000000001
69.86000000000001
69.87
69.88000000000001
69.89
69.9
69.91000000000001
69.92
69.93
69.94000000000001
69.95
69.96000000000001
69.97000000000001
69.98
69.99000000000001
70.0
70.01
70.02000000000001
70.03
70.04
70.05000000000001
70.06
70.07000000000001
70.08000000000001
70.09
70.10000000000001
70.11000000000001
70.12
70.13000000000001
70.14
70.15
70.16000000000001
70.17
70.18
70.19000000000001
70.2
70.21000000000001
70.22000000000001
70.23
70.24000000000001
70.25
70.26
70.27000000000001
70.28
70.29
70.30000000000001
70.31
70.32000000000001
70.33000000000001
70.34
70.35000000000001
70.36000000000001
70.37
70.38000000000001
70.39
70.4
70.41000000000001
70.42
70.43
70.44000000000001
70.45
70.46000000000001
70.47000000000001
70.48
70.49000000000001
70.5
70.51
70.52000000000001
70.53
70.54
70.55000000000001
70.56
70.57000000000001
70.58000000000001
70.59
70.60000000000001
70.61000000000001
70.62
70.63000000000001
70.64
70.65
70.66000000000001
70.67
70.68
70.69000000000001
70.7
70.71000000000001
70.72000000000001
70.73
70.74000000000001
70.75
70.76
70.77000000000001
70.78
70.79
70.80000000000001
70.81
70.82000000000001
70.83000000000001
70.84
70.85000000000001
70.86000000000001
70.87
70.88000000000001
70.89
70.9
70.91000000000001
70.92
70.93
70.94000000000001
70.95
70.96000000000001
70.97000000000001
70.98
70.99000000000001
71.0
71.01
71.02000000000001
71.03
71.04
71.05000000000001
71.06
71.07000000000001
71.08000000000001
71.09
71.10000000000001
71.11000000000001
71.12
71.13000000000001
71.14
71.15
71.16000000000001
71.17
71.18
71.19000000000001
71.2
71.21000000000001
71.22000000000001
71.23
71.24000000000001
71.25
71.26
71.27000000000001
71.28
71.29
71.30000000000001
71.31
71.32000000000001
71.33000000000001
71.34
71.35000000000001
71.36000000000001
71.37
71.38000000000001
71.39
71.4
71.41000000000001
71.42
71.43
71.44000000000001
71.45
71.46000000000001
71.47000000000001
71.48
71.49000000000001
71.5
71.51
71.52000000000001
71.53
71.54
71.55000000000001
71.56
71.57000000000001
71.58000000000001
71.59
71.60000000000001
71.61000000000001
71.62
71.63000000000001
71.64
71.65
71.66000000000001
71.67
71.68
71.69000000000001
71.7
71.71000000000001
71.72000000000001
71.73
71.74000000000001
71.75
71.76
71.77000000000001
71.78
71.79
71.80000000000001
71.81
71.82000000000001
71.83000000000001
71.84
71.85000000000001
71.86000000000001
71.87
71.88000000000001
71.89
71.9
71.91000000000001
71.92
71.93
71.94000000000001
71.95
71.96000000000001
71.97000000000001
71.98
71.99000000000001
72.0
72.01
72.02000000000001
72.03
72.04
72.05000000000001
72.06
72.07000000000001
72.08000000000001
72.09
72.10000000000001
72.11000000000001
72.12
72.13000000000001
72.14
72.15
72.16000000000001
72.17
72.18
72.19000000000001
72.2
72.21000000000001
72.22000000000001
72.23
72.24000000000001
72.25
72.26
72.27000000000001
72.28
72.29
72.30000000000001
72.31
72.32000000000001
72.33000000000001
72.34
72.35000000000001
72.36000000000001
72.37
72.38000000000001
72.39
72.4
72.41000000000001
72.42
72.43
72.44000000000001
72.45
72.46000000000001
72.47000000000001
72.48
72.49000000000001
72.5
72.51
72.52000000000001
72.53
72.54
72.55000000000001
72.56
72.57000000000001
72.58000000000001
72.59
72.60000000000001
72.61000000000001
72.62
72.63000000000001
72.64
72.65
72.66000000000001
72.67
72.68
72.69000000000001
72.7
72.71000000000001
72.72000000000001
72.73
72.74000000000001
72.75
72.76
72.77000000000001
72.78
72.79
72.80000000000001
72.81
72.82000000000001
72.83000000000001
72.84
72.85000000000001
72.86000000000001
72.87
72.88000000000001
72.89
72.9
72.91000000000001
72.92
72.93
72.94000000000001
72.95
72.96000000000001
72.97000000000001
72.98
72.99000000000001
73.0
73.01
73.02000000000001
73.03
73.04
73.05000000000001
73.06
73.07000000000001
73.08000000000001
73.09
73.10000000000001
73.11000000000001
73.12
73.13000000000001
73.14
73.15
73.16000000000001
73.17
73.18
73.19000000000001
73.2
73.21000000000001
73.22000000000001
73.23
73.24000000000001
73.25
73.26
73.27000000000001
73.28
73.29
73.30000000000001
73.31
73.32000000000001
73.33000000000001
73.34
73.35000000000001
73.36000000000001
73.37
73.38000000000001
73.39
73.4
73.41000000000001
73.42
73.43
73.44000000000001
73.45
73.46000000000001
73.47000000000001
73.48
73.49000000000001
73.5
73.51
73.52000000000001
73.53
73.54
73.55000000000001
73.56
73.57000000000001
73.58000000000001
73.59
73.60000000000001
73.61000000000001
73.62
73.63000000000001
73.64
73.65
73.66000000000001
73.67
73.68
73.69000000000001
73.7
73.71000000000001
73.72000000000001
73.73
73.74000000000001
73.75
73.76
73.77000000000001
73.78
73.79
73.80000000000001
73.81
73.82000000000001
73.83000000000001
73.84
73.85000000000001
73.86000000000001
73.87
73.88000000000001
73.89
73.9
73.91000000000001
73.92
73.93
73.94000000000001
73.95
73.96000000000001
73.97000000000001
73.98
73.99000000000001
74.0
74.01
74.02000000000001
74.03
74.04
74.05000000000001
74.06
74.07000000000001
74.08000000000001
74.09
74.10000000000001
74.11000000000001
74.12
74.13000000000001
74.14
74.15
74.16000000000001
74.17
74.18
74.19000000000001
74.2
74.21000000000001
74.22000000000001
74.23
74.24000000000001
74.25
74.26
74.27000000000001
74.28
74.29
74.30000000000001
74.31
74.32000000000001
74.33000000000001
74.34
74.35000000000001
74.36000000000001
74.37
74.38000000000001
74.39
74.4
74.41000000000001
74.42
74.43
74.44000000000001
74.45
74.46000000000001
74.47000000000001
74.48
74.49000000000001
74.5
74.51
74.52000000000001
74.53
74.54
74.55000000000001
74.56
74.57000000000001
74.58000000000001
74.59
74.60000000000001
74.61000000000001
74.62
74.63000000000001
74.64
74.65
74.66000000000001
74.67
74.68
74.69000000000001
74.7
74.71000000000001
74.72000000000001
74.73
74.74000000000001
74.75
74.76
74.77000000000001
74.78
74.79
74.80000000000001
74.81
74.82000000000001
74.83000000000001
74.84
74.85000000000001
74.86000000000001
74.87
74.88000000000001
74.89
74.9
74.91000000000001
74.92
74.93
74.94000000000001
74.95
74.96000000000001
74.97000000000001
74.98
74.99000000000001
75.0
75.01
75.02000000000001
75.03
75.04
75.05000000000001
75.06
75.07000000000001
75.08000000000001
75.09
75.10000000000001
75.11000000000001
75.12
75.13000000000001
75.14
75.15
75.16000000000001
75.17
75.18
75.19000000000001
75.2
75.21000000000001
75.22000000000001
75.23
75.24000000000001
75.25
75.26
75.27000000000001
75.28
75.29
75.30000000000001
75.31
75.32000000000001
75.33000000000001
75.34
75.35000000000001
75.36000000000001
75.37
75.38000000000001
75.39
75.4
75.41000000000001
75.42
75.43
75.44000000000001
75.45
75.46000000000001
75.47000000000001
75.48
75.49000000000001
75.5
75.51
75.52000000000001
75.53
75.54
75.55000000000001
75.56
75.57000000000001
75.58000000000001
75.59
75.60000000000001
75.61000000000001
75.62
75.63000000000001
75.64
75.65
75.66000000000001
75.67
75.68
75.69000000000001
75.7
75.71000000000001
75.72000000000001
75.73
75.74000000000001
75.75
75.76
75.77000000000001
75.78
75.79
75.80000000000001
75.81
75.82000000000001
75.83000000000001
75.84
75.85000000000001
75.86000000000001
75.87
75.88000000000001
75.89
75.9
75.91000000000001
75.92
75.93
75.94000000000001
75.95
75.96000000000001
75.97000000000001
75.98
75.99000000000001
76.0
76.01
76.02000000000001
76.03
76.04
76.05000000000001
76.06
76.07000000000001
76.08000000000001
76.09
76.10000000000001
76.11000000000001
76.12
76.13000000000001
76.14
76.15
76.16000000000001
76.17
76.18
76.19000000000001
76.2
76.21000000000001
76.22000000000001
76.23
76.24000000000001
76.25
76.26
76.27000000000001
76.28
76.29
76.30000000000001
76.31
76.32000000000001
76.33000000000001
76.34
76.35000000000001
76.36000000000001
76.37
76.38000000000001
76.39
76.4
76.41000000000001
76.42
76.43
76.44000000000001
76.45
76.46000000000001
76.47000000000001
76.48
76.49000000000001
76.5
76.51
76.52000000000001
76.53
76.54
76.55000000000001
76.56
76.57000000000001
76.58000000000001
76.59
76.60000000000001
76.61000000000001
76.62
76.63000000000001
76.64
76.65
76.66000000000001
76.67
76.68
76.69000000000001
76.7
76.71000000000001
76.72000000000001
76.73
76.74000000000001
76.75
76.76
76.77000000000001
76.78
76.79
76.80000000000001
76.81
76.82000000000001
76.83000000000001
76.84
76.85000000000001
76.86000000000001
76.87
76.88000000000001
76.89
76.9
76.91000000000001
76.92
76.93
76.94000000000001
76.95
76.96000000000001
76.97000000000001
76.98
76.99000000000001
77.0
77.01
77.02000000000001
77.03
77.04
77.05000000000001
77.06
77.07000000000001
77.08000000000001
77.09
77.10000000000001
77.11000000000001
77.12
77.13000000000001
77.14
77.15
77.16000000000001
77.17
77.18
77.19000000000001
77.2
77.21000000000001
77.22000000000001
77.23
77.24000000000001
77.25
77.26
77.27000000000001
77.28
77.29
77.30000000000001
77.31
77.32000000000001
77.33000000000001
77.34
77.35000000000001
77.36000000000001
77.37
77.38000000000001
77.39
77.4
77.41000000000001
77.42
77.43
77.44000000000001
77.45
77.46000000000001
77.47000000000001
77.48
77.49000000000001
77.5
77.51
77.52000000000001
77.53
77.54
77.55000000000001
77.56
77.57000000000001
77.58000000000001
77.59
77.60000000000001
77.61000000000001
77.62
77.63000000000001
77.64
77.65
77.66000000000001
77.67
77.68
77.69000000000001
77.7
77.71000000000001
77.72000000000001
77.73
77.74000000000001
77.75
77.76
77.77000000000001
77.78
77.79
77.80000000000001
77.81
77.82000000000001
77.83000000000001
77.84
77.85000000000001
77.86000000000001
77.87
77.88000000000001
77.89
77.9
77.91000000000001
77.92
77.93
77.94000000000001
77.95
77.96000000000001
77.97000000000001
77.98
77.99000000000001
78.0
78.01
78.02000000000001
78.03
78.04
78.05000000000001
78.06
78.07000000000001
78.08000000000001
78.09
78.10000000000001
78.11000000000001
78.12
78.13000000000001
78.14
78.15
78.16000000000001
78.17
78.18
78.19000000000001
78.2
78.21000000000001
78.22000000000001
78.23
78.24000000000001
78.25
78.26
78.27000000000001
78.28
78.29
78.30000000000001
78.31
78.32000000000001
78.33000000000001
78.34
78.35000000000001
78.36000000000001
78.37
78.38000000000001
78.39
78.4
78.41000000000001
78.42
78.43
78.44000000000001
78.45
78.46000000000001
78.47000000000001
78.48
78.49000000000001
78.5
78.51
78.52000000000001
78.53
78.54
78.55000000000001
78.56
78.57000000000001
78.58000000000001
78.59
78.60000000000001
78.61000000000001
78.62
78.63000000000001
78.64
78.65
78.66000000000001
78.67
78.68
78.69000000000001
78.7
78.71000000000001
78.72000000000001
78.73
78.74000000000001
78.75
78.76
78.77000000000001
78.78
78.79
78.80000000000001
78.81
78.82000000000001
78.83000000000001
78.84
78.85000000000001
78.86000000000001
78.87
78.88000000000001
78.89
78.9
78.91000000000001
78.92
78.93
78.94000000000001
78.95
78.96000000000001
78.97000000000001
78.98
78.99000000000001
79.0
79.01
79.02000000000001
79.03
79.04
79.05000000000001
79.06
79.07000000000001
79.08000000000001
79.09
79.10000000000001
79.11000000000001
79.12
79.13000000000001
79.14
79.15
79.16000000000001
79.17
79.18
79.19000000000001
79.2
79.21000000000001
79.22000000000001
79.23
79.24000000000001
79.25
79.26
79.27000000000001
79.28
79.29
79.30000000000001
79.31
79.32000000000001
79.33000000000001
79.34
79.35000000000001
79.36000000000001
79.37
79.38000000000001
79.39
79.4
79.41000000000001
79.42
79.43
79.44000000000001
79.45
79.46000000000001
79.47000000000001
79.48
79.49000000000001
79.5
79.51
79.52000000000001
79.53
79.54
79.55000000000001
79.56
79.57000000000001
79.58000000000001
79.59
79.60000000000001
79.61000000000001
79.62
79.63000000000001
79.64
79.65
79.66000000000001
79.67
79.68
79.69000000000001
79.7
79.71000000000001
79.72000000000001
79.73
79.74000000000001
79.75
79.76
79.77000000000001
79.78
79.79
79.80000000000001
79.81
79.82000000000001
79.83000000000001
79.84
79.85000000000001
79.86000000000001
79.87
79.88000000000001
79.89
79.9
79.91000000000001
79.92
79.93
79.94000000000001
79.95
79.96000000000001
79.97000000000001
79.98
79.99000000000001
80.0
80.01
80.02000000000001
80.03
80.04
80.05000000000001
80.06
80.07000000000001
80.08000000000001
80.09
80.10000000000001
80.11000000000001
80.12
80.13000000000001
80.14
80.15
80.16000000000001
80.17
80.18
80.19000000000001
80.2
80.21000000000001
80.22000000000001
80.23
80.24000000000001
80.25
80.26
80.27000000000001
80.28
80.29
80.30000000000001
80.31
80.32000000000001
80.33000000000001
80.34
80.35000000000001
80.36000000000001
80.37
80.38000000000001
80.39
80.4
80.41000000000001
80.42
80.43
80.44000000000001
80.45
80.46000000000001
80.47000000000001
80.48
80.49000000000001
80.5
80.51
80.52000000000001
80.53
80.54
80.55000000000001
80.56
80.57000000000001
80.58000000000001
80.59
80.60000000000001
80.61000000000001
80.62
80.63000000000001
80.64
80.65
80.66000000000001
80.67
80.68
80.69000000000001
80.7
80.71000000000001
80.72000000000001
80.73
80.74000000000001
80.75
80.76
80.77000000000001
80.78
80.79
80.80000000000001
80.81
80.82000000000001
80.83000000000001
80.84
80.85000000000001
80.86000000000001
80.87
80.88000000000001
80.89
80.9
80.91000000000001
80.92
80.93
80.94000000000001
80.95
80.96000000000001
80.97000000000001
80.98
80.99000000000001
81.0
81.01
81.02000000000001
81.03
81.04
81.05000000000001
81.06
81.07000000000001
81.08000000000001
81.09
81.10000000000001
81.11000000000001
81.12
81.13000000000001
81.14
81.15
81.16000000000001
81.17
81.18
81.19000000000001
81.2
81.21000000000001
81.22000000000001
81.23
81.24000000000001
81.25
81.26
81.27000000000001
81.28
81.29
81.30000000000001
81.31
81.32000000000001
81.33000000000001
81.34
81.35000000000001
81.36000000000001
81.37
81.38000000000001
81.39
81.4
81.41000000000001
81.42
81.43
81.44000000000001
81.45
81.46000000000001
81.47000000000001
81.48
81.49000000000001
81.5
81.51
81.52000000000001
81.53
81.54
81.55000000000001
81.56
81.57000000000001
81.58000000000001
81.59
81.60000000000001
81.61000000000001
81.62
81.63000000000001
81.64
81.65
81.66000000000001
81.67
81.68
81.69000000000001
81.7
81.71000000000001
81.72000000000001
81.73
81.74000000000001
81.75
81.76
81.77000000000001
81.78
81.79
81.80000000000001
81.81
81.82000000000001
81.83000000000001
81.84
81.85000000000001
81.86000000000001
81.87
81.88000000000001
81.89
81.9
81.91000000000001
81.92
81.93
81.94000000000001
81.95
81.96000000000001
81.97000000000001
81.98
81.99000000000001
82.0
82.01
82.02000000000001
82.03
82.04
82.05000000000001
82.06
82.07000000000001
82.08000000000001
82.09
82.10000000000001
82.11000000000001
82.12
82.13000000000001
82.14
82.15
82.16000000000001
82.17
82.18
82.19000000000001
82.2
82.21000000000001
82.22000000000001
82.23
82.24000000000001
82.25
82.26
82.27000000000001
82.28
82.29
82.30000000000001
82.31
82.32000000000001
82.33000000000001
82.34
82.35000000000001
82.36000000000001
82.37
82.38000000000001
82.39
82.4
82.41000000000001
82.42
82.43
82.44000000000001
82.45
82.46000000000001
82.47000000000001
82.48
82.49000000000001
82.5
82.51
82.52000000000001
82.53
82.54
82.55000000000001
82.56
82.57000000000001
82.58000000000001
82.59
82.60000000000001
82.61000000000001
82.62
82.63000000000001
82.64
82.65
82.66000000000001
82.67
82.68
82.69000000000001
82.7
82.71000000000001
82.72000000000001
82.73
82.74000000000001
82.75
82.76
82.77000000000001
82.78
82.79
82.80000000000001
82.81
82.82000000000001
82.83000000000001
82.84
82.85000000000001
82.86000000000001
82.87
82.88000000000001
82.89
82.9
82.91000000000001
82.92
82.93
82.94000000000001
82.95
82.96000000000001
82.97000000000001
82.98
82.99000000000001
83.0
83.01
83.02000000000001
83.03
83.04
83.05000000000001
83.06
83.07000000000001
83.08000000000001
83.09
83.10000000000001
83.11000000000001
83.12
83.13000000000001
83.14
83.15
83.16000000000001
83.17
83.18
83.19000000000001
83.2
83.21000000000001
83.22000000000001
83.23
83.24000000000001
83.25
83.26
83.27000000000001
83.28
83.29
83.30000000000001
83.31
83.32000000000001
83.33000000000001
83.34
83.35000000000001
83.36000000000001
83.37
83.38000000000001
83.39
83.4
83.41000000000001
83.42
83.43
83.44000000000001
83.45
83.46000000000001
83.47000000000001
83.48
83.49000000000001
83.5
83.51
83.52000000000001
83.53
83.54
83.55000000000001
83.56
83.57000000000001
83.58000000000001
83.59
83.60000000000001
83.61000000000001
83.62
83.63000000000001
83.64
83.65
83.66000000000001
83.67
83.68
83.69000000000001
83.7
83.71000000000001
83.72000000000001
83.73
83.74000000000001
83.75
83.76
83.77000000000001
83.78
83.79
83.80000000000001
83.81
83.82000000000001
83.83000000000001
83.84
83.85000000000001
83.86000000000001
83.87
83.88000000000001
83.89
83.9
83.91000000000001
83.92
83.93
83.94000000000001
83.95
83.96000000000001
83.97000000000001
83.98
83.99000000000001
84.0
84.01
84.02000000000001
84.03
84.04
84.05000000000001
84.06
84.07000000000001
84.08000000000001
84.09
84.10000000000001
84.11000000000001
84.12
84.13000000000001
84.14
84.15
84.16000000000001
84.17
84.18
84.19000000000001
84.2
84.21000000000001
84.22000000000001
84.23
84.24000000000001
84.25
84.26
84.27000000000001
84.28
84.29
84.30000000000001
84.31
84.32000000000001
84.33000000000001
84.34
84.35000000000001
84.36000000000001
84.37
84.38000000000001
84.39
84.4
84.41000000000001
84.42
84.43
84.44000000000001
84.45
84.46000000000001
84.47000000000001
84.48
84.49000000000001
84.5
84.51
84.52000000000001
84.53
84.54
84.55000000000001
84.56
84.57000000000001
84.58000000000001
84.59
84.60000000000001
84.61000000000001
84.62
84.63000000000001
84.64
84.65
84.66000000000001
84.67
84.68
84.69000000000001
84.7
84.71000000000001
84.72000000000001
84.73
84.74000000000001
84.75
84.76
84.77000000000001
84.78
84.79
84.80000000000001
84.81
84.82000000000001
84.83000000000001
84.84
84.85000000000001
84.86000000000001
84.87
84.88000000000001
84.89
84.9
84.91000000000001
84.92
84.93
84.94000000000001
84.95
84.96000000000001
84.97000000000001
84.98
84.99000000000001
85.0
85.01
85.02000000000001
85.03
85.04
85.05000000000001
85.06
85.07000000000001
85.08000000000001
85.09
85.10000000000001
85.11000000000001
85.12
85.13000000000001
85.14
85.15
85.16000000000001
85.17
85.18
85.19000000000001
85.2
85.21000000000001
85.22000000000001
85.23
85.24000000000001
85.25
85.26
85.27000000000001
85.28
85.29
85.30000000000001
85.31
85.32000000000001
85.33000000000001
85.34
85.35000000000001
85.36000000000001
85.37
85.38000000000001
85.39
85.4
85.41000000000001
85.42
85.43
85.44000000000001
85.45
85.46000000000001
85.47000000000001
85.48
85.49000000000001
85.5
85.51
85.52000000000001
85.53
85.54
85.55000000000001
85.56
85.57000000000001
85.58000000000001
85.59
85.60000000000001
85.61000000000001
85.62
85.63000000000001
85.64
85.65
85.66000000000001
85.67
85.68
85.69000000000001
85.7
85.71000000000001
85.72000000000001
85.73
85.74000000000001
85.75
85.76
85.77000000000001
85.78
85.79
85.80000000000001
85.81
85.82000000000001
85.83000000000001
85.84
85.85000000000001
85.86000000000001
85.87
85.88000000000001
85.89
85.9
85.91000000000001
85.92
85.93
85.94000000000001
85.95
85.96000000000001
85.97000000000001
85.98
85.99000000000001
86.0
86.01
86.02000000000001
86.03
86.04
86.05000000000001
86.06
86.07000000000001
86.08000000000001
86.09
86.10000000000001
86.11000000000001
86.12
86.13000000000001
86.14
86.15
86.16000000000001
86.17
86.18
86.19000000000001
86.2
86.21000000000001
86.22000000000001
86.23
86.24000000000001
86.25
86.26
86.27000000000001
86.28
86.29
86.30000000000001
86.31
86.32000000000001
86.33000000000001
86.34
86.35000000000001
86.36000000000001
86.37
86.38000000000001
86.39
86.4
86.41000000000001
86.42
86.43
86.44000000000001
86.45
86.46000000000001
86.47000000000001
86.48
86.49000000000001
86.5
86.51
86.52000000000001
86.53
86.54
86.55000000000001
86.56
86.57000000000001
86.58000000000001
86.59
86.60000000000001
86.61000000000001
86.62
86.63000000000001
86.64
86.65
86.66000000000001
86.67
86.68
86.69000000000001
86.7
86.71000000000001
86.72000000000001
86.73
86.74000000000001
86.75
86.76
86.77000000000001
86.78
86.79
86.80000000000001
86.81
86.82000000000001
86.83000000000001
86.84
86.85000000000001
86.86000000000001
86.87
86.88000000000001
86.89
86.9
86.91000000000001
86.92
86.93
86.94000000000001
86.95
86.96000000000001
86.97000000000001
86.98
86.99000000000001
87.0
87.01
87.02000000000001
87.03
87.04
87.05000000000001
87.06
87.07000000000001
87.08000000000001
87.09
87.10000000000001
87.11000000000001
87.12
87.13000000000001
87.14
87.15
87.16000000000001
87.17
87.18
87.19000000000001
87.2
87.21000000000001
87.22000000000001
87.23
87.24000000000001
87.25
87.26
87.27000000000001
87.28
87.29
87.30000000000001
87.31
87.32000000000001
87.33000000000001
87.34
87.35000000000001
87.36000000000001
87.37
87.38000000000001
87.39
87.4
87.41000000000001
87.42
87.43
87.44000000000001
87.45
87.46000000000001
87.47000000000001
87.48
87.49000000000001
87.5
87.51
87.52000000000001
87.53
87.54
87.55000000000001
87.56
87.57000000000001
87.58000000000001
87.59
87.60000000000001
87.61000000000001
87.62
87.63000000000001
87.64
87.65
87.66000000000001
87.67
87.68
87.69000000000001
87.7
87.71000000000001
87.72000000000001
87.73
87.74000000000001
87.75
87.76
87.77000000000001
87.78
87.79
87.80000000000001
87.81
87.82000000000001
87.83000000000001
87.84
87.85000000000001
87.86000000000001
87.87
87.88000000000001
87.89
87.9
87.91000000000001
87.92
87.93
87.94000000000001
87.95
87.96000000000001
87.97000000000001
87.98
87.99000000000001
88.0
88.01
88.02000000000001
88.03
88.04
88.05000000000001
88.06
88.07000000000001
88.08000000000001
88.09
88.10000000000001
88.11000000000001
88.12
88.13000000000001
88.14
88.15
88.16000000000001
88.17
88.18
88.19000000000001
88.2
88.21000000000001
88.22000000000001
88.23
88.24000000000001
88.25
88.26
88.27000000000001
88.28
88.29
88.30000000000001
88.31
88.32000000000001
88.33000000000001
88.34
88.35000000000001
88.36000000000001
88.37
88.38000000000001
88.39
88.4
88.41000000000001
88.42
88.43
88.44000000000001
88.45
88.46000000000001
88.47000000000001
88.48
88.49000000000001
88.5
88.51
88.52000000000001
88.53
88.54
88.55000000000001
88.56
88.57000000000001
88.58000000000001
88.59
88.60000000000001
88.61000000000001
88.62
88.63000000000001
88.64
88.65
88.66000000000001
88.67
88.68
88.69000000000001
88.7
88.71000000000001
88.72000000000001
88.73
88.74000000000001
88.75
88.76
88.77000000000001
88.78
88.79
88.80000000000001
88.81
88.82000000000001
88.83000000000001
88.84
88.85000000000001
88.86000000000001
88.87
88.88000000000001
88.89
88.9
88.91000000000001
88.92
88.93
88.94000000000001
88.95
88.96000000000001
88.97000000000001
88.98
88.99000000000001
89.0
89.01
89.02000000000001
89.03
89.04
89.05000000000001
89.06
89.07000000000001
89.08000000000001
89.09
89.10000000000001
89.11000000000001
89.12
89.13000000000001
89.14
89.15
89.16000000000001
89.17
89.18
89.19000000000001
89.2
89.21000000000001
89.22000000000001
89.23
89.24000000000001
89.25
89.26
89.27000000000001
89.28
89.29
89.30000000000001
89.31
89.32000000000001
89.33000000000001
89.34
89.35000000000001
89.36000000000001
89.37
89.38000000000001
89.39
89.4
89.41000000000001
89.42
89.43
89.44000000000001
89.45
89.46000000000001
89.47000000000001
89.48
89.49000000000001
89.5
89.51
89.52000000000001
89.53
89.54
89.55000000000001
89.56
89.57000000000001
89.58000000000001
89.59
89.60000000000001
89.61000000000001
89.62
89.63000000000001
89.64
89.65
89.66000000000001
89.67
89.68
89.69000000000001
89.7
89.71000000000001
89.72000000000001
89.73
89.74000000000001
89.75
89.76
89.77000000000001
89.78
89.79
89.80000000000001
89.81
89.82000000000001
89.83000000000001
89.84
89.85000000000001
89.86000000000001
89.87
89.88000000000001
89.89
89.9
89.91000000000001
89.92
89.93
89.94000000000001
89.95
89.96000000000001
89.97000000000001
89.98
89.99000000000001
90.0
90.01
90.02000000000001
90.03
90.04
90.05000000000001
90.06
90.07000000000001
90.08000000000001
90.09
90.10000000000001
90.11000000000001
90.12
90.13000000000001
90.14
90.15
90.16000000000001
90.17
90.18
90.19000000000001
90.2
90.21000000000001
90.22000000000001
90.23
90.24000000000001
90.25
90.26
90.27000000000001
90.28
90.29
90.30000000000001
90.31
90.32000000000001
90.33000000000001
90.34
90.35000000000001
90.36000000000001
90.37
90.38000000000001
90.39
90.4
90.41000000000001
90.42
90.43
90.44000000000001
90.45
90.46000000000001
90.47000000000001
90.48
90.49000000000001
90.5
90.51
90.52000000000001
90.53
90.54
90.55000000000001
90.56
90.57000000000001
90.58000000000001
90.59
90.60000000000001
90.61000000000001
90.62
90.63000000000001
90.64
90.65
90.66000000000001
90.67
90.68
90.69000000000001
90.7
90.71000000000001
90.72000000000001
90.73
90.74000000000001
90.75
90.76
90.77000000000001
90.78
90.79
90.80000000000001
90.81
90.82000000000001
90.83000000000001
90.84
90.85000000000001
90.86000000000001
90.87
90.88000000000001
90.89
90.9
90.91000000000001
90.92
90.93
90.94000000000001
90.95
90.96000000000001
90.97000000000001
90.98
90.99000000000001
91.0
91.01
91.02000000000001
91.03
91.04
91.05000000000001
91.06
91.07000000000001
91.08000000000001
91.09
91.10000000000001
91.11000000000001
91.12
91.13000000000001
91.14
91.15
91.16000000000001
91.17
91.18
91.19000000000001
91.2
91.21000000000001
91.22000000000001
91.23
91.24000000000001
91.25
91.26
91.27000000000001
91.28
91.29
91.30000000000001
91.31
91.32000000000001
91.33000000000001
91.34
91.35000000000001
91.36000000000001
91.37
91.38000000000001
91.39
91.4
91.41000000000001
91.42
91.43
91.44000000000001
91.45
91.46000000000001
91.47000000000001
91.48
91.49000000000001
91.5
91.51
91.52000000000001
91.53
91.54
91.55000000000001
91.56
91.57000000000001
91.58000000000001
91.59
91.60000000000001
91.61000000000001
91.62
91.63000000000001
91.64
91.65
91.66000000000001
91.67
91.68
91.69000000000001
91.7
91.71000000000001
91.72000000000001
91.73
91.74000000000001
91.75
91.76
91.77000000000001
91.78
91.79
91.80000000000001
91.81
91.82000000000001
91.83000000000001
91.84
91.85000000000001
91.86000000000001
91.87
91.88000000000001
91.89
91.9
91.91000000000001
91.92
91.93
91.94000000000001
91.95
91.96000000000001
91.97000000000001
91.98
91.99000000000001
92.0
92.01
92.02000000000001
92.03
92.04
92.05000000000001
92.06
92.07000000000001
92.08000000000001
92.09
92.10000000000001
92.11000000000001
92.12
92.13000000000001
92.14
92.15
92.16000000000001
92.17
92.18
92.19000000000001
92.2
92.21000000000001
92.22000000000001
92.23
92.24000000000001
92.25
92.26
92.27000000000001
92.28
92.29
92.30000000000001
92.31
92.32000000000001
92.33000000000001
92.34
92.35000000000001
92.36000000000001
92.37
92.38000000000001
92.39
92.4
92.41000000000001
92.42
92.43
92.44000000000001
92.45
92.46000000000001
92.47000000000001
92.48
92.49000000000001
92.5
92.51
92.52000000000001
92.53
92.54
92.55000000000001
92.56
92.57000000000001
92.58000000000001
92.59
92.60000000000001
92.61000000000001
92.62
92.63000000000001
92.64
92.65
92.66000000000001
92.67
92.68
92.69000000000001
92.7
92.71000000000001
92.72000000000001
92.73
92.74000000000001
92.75
92.76
92.77000000000001
92.78
92.79
92.80000000000001
92.81
92.82000000000001
92.83000000000001
92.84
92.85000000000001
92.86000000000001
92.87
92.88000000000001
92.89
92.9
92.91000000000001
92.92
92.93
92.94000000000001
92.95
92.96000000000001
92.97000000000001
92.98
92.99000000000001
93.0
93.01
93.02000000000001
93.03
93.04
93.05000000000001
93.06
93.07000000000001
93.08000000000001
93.09
93.10000000000001
93.11000000000001
93.12
93.13000000000001
93.14
93.15
93.16000000000001
93.17
93.18
93.19000000000001
93.2
93.21000000000001
93.22000000000001
93.23
93.24000000000001
93.25
93.26
93.27000000000001
93.28
93.29
93.30000000000001
93.31
93.32000000000001
93.33000000000001
93.34
93.35000000000001
93.36000000000001
93.37
93.38000000000001
93.39
93.4
93.41000000000001
93.42
93.43
93.44000000000001
93.45
93.46000000000001
93.47000000000001
93.48
93.49000000000001
93.5
93.51
93.52000000000001
93.53
93.54
93.55000000000001
93.56
93.57000000000001
93.58000000000001
93.59
93.60000000000001
93.61000000000001
93.62
93.63000000000001
93.64
93.65
93.66000000000001
93.67
93.68
93.69000000000001
93.7
93.71000000000001
93.72000000000001
93.73
93.74000000000001
93.75
93.76
93.77000000000001
93.78
93.79
93.80000000000001
93.81
93.82000000000001
93.83000000000001
93.84
93.85000000000001
93.86000000000001
93.87
93.88000000000001
93.89
93.9
93.91000000000001
93.92
93.93
93.94000000000001
93.95
93.96000000000001
93.97000000000001
93.98
93.99000000000001
94.0
94.01
94.02000000000001
94.03
94.04
94.05000000000001
94.06
94.07000000000001
94.08000000000001
94.09
94.10000000000001
94.11000000000001
94.12
94.13000000000001
94.14
94.15
94.16000000000001
94.17
94.18
94.19000000000001
94.2
94.21000000000001
94.22000000000001
94.23
94.24000000000001
94.25
94.26
94.27000000000001
94.28
94.29
94.30000000000001
94.31
94.32000000000001
94.33000000000001
94.34
94.35000000000001
94.36000000000001
94.37
94.38000000000001
94.39
94.4
94.41000000000001
94.42
94.43
94.44000000000001
94.45
94.46000000000001
94.47000000000001
94.48
94.49000000000001
94.5
94.51
94.52000000000001
94.53
94.54
94.55000000000001
94.56
94.57000000000001
94.58000000000001
94.59
94.60000000000001
94.61000000000001
94.62
94.63000000000001
94.64
94.65
94.66000000000001
94.67
94.68
94.69000000000001
94.7
94.71000000000001
94.72000000000001
94.73
94.74000000000001
94.75
94.76
94.77000000000001
94.78
94.79
94.80000000000001
94.81
94.82000000000001
94.83000000000001
94.84
94.85000000000001
94.86000000000001
94.87
94.88000000000001
94.89
94.9
94.91000000000001
94.92
94.93
94.94000000000001
94.95
94.96000000000001
94.97000000000001
94.98
94.99000000000001
95.0
95.01
95.02000000000001
95.03
95.04
95.05000000000001
95.06
95.07000000000001
95.08000000000001
95.09
95.10000000000001
95.11000000000001
95.12
95.13000000000001
95.14
95.15
95.16000000000001
95.17
95.18
95.19000000000001
95.2
95.21000000000001
95.22000000000001
95.23
95.24000000000001
95.25
95.26
95.27000000000001
95.28
95.29
95.30000000000001
95.31
95.32000000000001
95.33000000000001
95.34
95.35000000000001
95.36000000000001
95.37
95.38000000000001
95.39
95.4
95.41000000000001
95.42
95.43
95.44000000000001
95.45
95.46000000000001
95.47000000000001
95.48
95.49000000000001
95.5
95.51
95.52000000000001
95.53
95.54
95.55000000000001
95.56
95.57000000000001
95.58000000000001
95.59
95.60000000000001
95.61000000000001
95.62
95.63000000000001
95.64
95.65
95.66000000000001
95.67
95.68
95.69000000000001
95.7
95.71000000000001
95.72000000000001
95.73
95.74000000000001
95.75000000000001
95.76
95.77000000000001
95.78
95.79
95.80000000000001
95.81
95.82000000000001
95.83000000000001
95.84
95.85000000000001
95.86000000000001
95.87
95.88000000000001
95.89
95.9
95.91000000000001
95.92
95.93
95.94000000000001
95.95
95.96000000000001
95.97000000000001
95.98
95.99000000000001
96.00000000000001
96.01
96.02000000000001
96.03
96.04
96.05000000000001
96.06
96.07000000000001
96.08000000000001
96.09
96.10000000000001
96.11000000000001
96.12
96.13000000000001
96.14
96.15
96.16000000000001
96.17
96.18
96.19000000000001
96.2
96.21000000000001
96.22000000000001
96.23
96.24000000000001
96.25000000000001
96.26
96.27000000000001
96.28
96.29
96.30000000000001
96.31
96.32000000000001
96.33000000000001
96.34
96.35000000000001
96.36000000000001
96.37
96.38000000000001
96.39
96.4
96.41000000000001
96.42
96.43
96.44000000000001
96.45
96.46000000000001
96.47000000000001
96.48
96.49000000000001
96.50000000000001
96.51
96.52000000000001
96.53
96.54
96.55000000000001
96.56
96.57000000000001
96.58000000000001
96.59
96.60000000000001
96.61000000000001
96.62
96.63000000000001
96.64
96.65
96.66000000000001
96.67
96.68
96.69000000000001
96.7
96.71000000000001
96.72000000000001
96.73
96.74000000000001
96.75000000000001
96.76
96.77000000000001
96.78
96.79
96.80000000000001
96.81
96.82000000000001
96.83000000000001
96.84
96.85000000000001
96.86000000000001
96.87
96.88000000000001
96.89
96.9
96.91000000000001
96.92
96.93
96.94000000000001
96.95
96.96000000000001
96.97000000000001
96.98
96.99000000000001
97.00000000000001
97.01
97.02000000000001
97.03
97.04
97.05000000000001
97.06
97.07000000000001
97.08000000000001
97.09
97.10000000000001
97.11000000000001
97.12
97.13000000000001
97.14
97.15
97.16000000000001
97.17
97.18
97.19000000000001
97.2
97.21000000000001
97.22000000000001
97.23
97.24000000000001
97.25000000000001
97.26
97.27000000000001
97.28
97.29
97.30000000000001
97.31
97.32000000000001
97.33000000000001
97.34
97.35000000000001
97.36000000000001
97.37
97.38000000000001
97.39
97.4
97.41000000000001
97.42
97.43
97.44000000000001
97.45
97.46000000000001
97.47000000000001
97.48
97.49000000000001
97.50000000000001
97.51
97.52000000000001
97.53
97.54
97.55000000000001
97.56
97.57000000000001
97.58000000000001
97.59
97.60000000000001
97.61000000000001
97.62
97.63000000000001
97.64
97.65
97.66000000000001
97.67
97.68
97.69000000000001
97.7
97.71000000000001
97.72000000000001
97.73
97.74000000000001
97.75000000000001
97.76
97.77000000000001
97.78
97.79
97.80000000000001
97.81
97.82000000000001
97.83000000000001
97.84
97.85000000000001
97.86000000000001
97.87
97.88000000000001
97.89
97.9
97.91000000000001
97.92
97.93
97.94000000000001
97.95
97.96000000000001
97.97000000000001
97.98
97.99000000000001
98.00000000000001
98.01
98.02000000000001
98.03
98.04
98.05000000000001
98.06
98.07000000000001
98.08000000000001
98.09
98.10000000000001
98.11000000000001
98.12
98.13000000000001
98.14
98.15
98.16000000000001
98.17
98.18
98.19000000000001
98.2
98.21000000000001
98.22000000000001
98.23
98.24000000000001
98.25000000000001
98.26
98.27000000000001
98.28
98.29
98.30000000000001
98.31
98.32000000000001
98.33000000000001
98.34
98.35000000000001
98.36000000000001
98.37
98.38000000000001
98.39
98.4
98.41000000000001
98.42
98.43
98.44000000000001
98.45
98.46000000000001
98.47000000000001
98.48
98.49000000000001
98.50000000000001
98.51
98.52000000000001
98.53
98.54
98.55000000000001
98.56
98.57000000000001
98.58000000000001
98.59
98.60000000000001
98.61000000000001
98.62
98.63000000000001
98.64
98.65
98.66000000000001
98.67
98.68
98.69000000000001
98.7
98.71000000000001
98.72000000000001
98.73
98.74000000000001
98.75000000000001
98.76
98.77000000000001
98.78
98.79
98.80000000000001
98.81
98.82000000000001
98.83000000000001
98.84
98.85000000000001
98.86000000000001
98.87
98.88000000000001
98.89
98.9
98.91000000000001
98.92
98.93
98.94000000000001
98.95
98.96000000000001
98.97000000000001
98.98
98.99000000000001
99.00000000000001
99.01
99.02000000000001
99.03
99.04
99.05000000000001
99.06
99.07000000000001
99.08000000000001
99.09
99.10000000000001
99.11000000000001
99.12
99.13000000000001
99.14
99.15
99.16000000000001
99.17
99.18
99.19000000000001
99.2
99.21000000000001
99.22000000000001
99.23
99.24000000000001
99.25000000000001
99.26
99.27000000000001
99.28
99.29
99.30000000000001
99.31
99.32000000000001
99.33000000000001
99.34
99.35000000000001
99.36000000000001
99.37
99.38000000000001
99.39
99.4
99.41000000000001
99.42
99.43
99.44000000000001
99.45
99.46000000000001
99.47000000000001
99.48
99.49000000000001
99.50000000000001
99.51
99.52000000000001
99.53
99.54
99.55000000000001
99.56
99.57000000000001
99.58000000000001
99.59
99.60000000000001
99.61000000000001
99.62
99.63000000000001
99.64
99.65
99.66000000000001
99.67
99.68
99.69000000000001
99.7
99.71000000000001
99.72000000000001
99.73
99.74000000000001
99.75000000000001
99.76
99.77000000000001
99.78
99.79
99.80000000000001
99.81
99.82000000000001
99.83000000000001
99.84
99.85000000000001
99.86000000000001
99.87
99.88000000000001
99.89
99.9
99.91000000000001
99.92
99.93
99.94000000000001
99.95
99.96000000000001
99.97000000000001
99.98
99.99000000000001
100.00000000000001
100.01
100.02000000000001
100.03
100.04
100.05000000000001
100.06
100.07000000000001
100.08000000000001
100.09
100.10000000000001
100.11000000000001
100.12
100.13000000000001
100.14
100.15
100.16000000000001
100.17
100.18
100.19000000000001
100.2
100.21000000000001
100.22000000000001
100.23
100.24000000000001
100.25000000000001
100.26
100.27000000000001
100.28
100.29
100.30000000000001
100.31
100.32000000000001
100.33000000000001
100.34
100.35000000000001
100.36000000000001
100.37
100.38000000000001
100.39
100.4
100.41000000000001
100.42
100.43
100.44000000000001
100.45
100.46000000000001
100.47000000000001
100.48
100.49000000000001
100.50000000000001
100.51
100.52000000000001
100.53
100.54
100.55000000000001
100.56
100.57000000000001
100.58000000000001
100.59
100.60000000000001
100.61000000000001
100.62
100.63000000000001
100.64
100.65
100.66000000000001
100.67
100.68
100.69000000000001
100.7
100.71000000000001
100.72000000000001
100.73
100.74000000000001
100.75000000000001
100.76
100.77000000000001
100.78
100.79
100.80000000000001
100.81
100.82000000000001
100.83000000000001
100.84
100.85000000000001
100.86000000000001
100.87
100.88000000000001
100.89
100.9
100.91000000000001
100.92
100.93
100.94000000000001
100.95
100.96000000000001
100.97000000000001
100.98
100.99000000000001
101.00000000000001
101.01
101.02000000000001
101.03
101.04
101.05000000000001
101.06
101.07000000000001
101.08000000000001
101.09
101.10000000000001
101.11000000000001
101.12
101.13000000000001
101.14
101.15
101.16000000000001
101.17
101.18
101.19000000000001
101.2
101.21000000000001
101.22000000000001
101.23
101.24000000000001
101.25000000000001
101.26
101.27000000000001
101.28
101.29
101.30000000000001
101.31
101.32000000000001
101.33000000000001
101.34
101.35000000000001
101.36000000000001
101.37
101.38000000000001
101.39
101.4
101.41000000000001
101.42
101.43
101.44000000000001
101.45
101.46000000000001
101.47000000000001
101.48
101.49000000000001
101.50000000000001
101.51
101.52000000000001
101.53
101.54
101.55000000000001
101.56
101.57000000000001
101.58000000000001
101.59
101.60000000000001
101.61000000000001
101.62
101.63000000000001
101.64
101.65
101.66000000000001
101.67
101.68
101.69000000000001
101.7
101.71000000000001
101.72000000000001
101.73
101.74000000000001
101.75000000000001
101.76
101.77000000000001
101.78
101.79
101.80000000000001
101.81
101.82000000000001
101.83000000000001
101.84
101.85000000000001
101.86000000000001
101.87
101.88000000000001
101.89
101.9
101.91000000000001
101.92
101.93
101.94000000000001
101.95
101.96000000000001
101.97000000000001
101.98
101.99000000000001
102.00000000000001
102.01
102.02000000000001
102.03
102.04
102.05000000000001
102.06
102.07000000000001
102.08000000000001
102.09
102.10000000000001
102.11000000000001
102.12
102.13000000000001
102.14
102.15
102.16000000000001
102.17
102.18
102.19000000000001
102.2
102.21000000000001
102.22000000000001
102.23
102.24000000000001
102.25000000000001
102.26
102.27000000000001
102.28
102.29
102.30000000000001
102.31
102.32000000000001
102.33000000000001
102.34
102.35000000000001
102.36000000000001
102.37
102.38000000000001
102.39
102.4
102.41000000000001
102.42
102.43
102.44000000000001
102.45
102.46000000000001
102.47000000000001
102.48
102.49000000000001
102.50000000000001
102.51
102.52000000000001
102.53
102.54
102.55000000000001
102.56
102.57000000000001
102.58000000000001
102.59
102.60000000000001
102.61000000000001
102.62
102.63000000000001
102.64
102.65
102.66000000000001
102.67
102.68
102.69000000000001
102.7
102.71000000000001
102.72000000000001
102.73
102.74000000000001
102.75000000000001
102.76
102.77000000000001
102.78
102.79
102.80000000000001
102.81
102.82000000000001
102.83000000000001
102.84
102.85000000000001
102.86000000000001
102.87
102.88000000000001
102.89
102.9
102.91000000000001
102.92
102.93
102.94000000000001
102.95
102.96000000000001
102.97000000000001
102.98
102.99000000000001
103.00000000000001
103.01
103.02000000000001
103.03
103.04
103.05000000000001
103.06
103.07000000000001
103.08000000000001
103.09
103.10000000000001
103.11000000000001
103.12
103.13000000000001
103.14
103.15
103.16000000000001
103.17
103.18
103.19000000000001
103.2
103.21000000000001
103.22000000000001
103.23
103.24000000000001
103.25000000000001
103.26
103.27000000000001
103.28
103.29
103.30000000000001
103.31
103.32000000000001
103.33000000000001
103.34
103.35000000000001
103.36000000000001
103.37
103.38000000000001
103.39
103.4
103.41000000000001
103.42
103.43
103.44000000000001
103.45
103.46000000000001
103.47000000000001
103.48
103.49000000000001
103.50000000000001
103.51
103.52000000000001
103.53
103.54
103.55000000000001
103.56
103.57000000000001
103.58000000000001
103.59
103.60000000000001
103.61000000000001
103.62
103.63000000000001
103.64
103.65
103.66000000000001
103.67
103.68
103.69000000000001
103.7
103.71000000000001
103.72000000000001
103.73
103.74000000000001
103.75000000000001
103.76
103.77000000000001
103.78
103.79
103.80000000000001
103.81
103.82000000000001
103.83000000000001
103.84
103.85000000000001
103.86000000000001
103.87
103.88000000000001
103.89
103.9
103.91000000000001
103.92
103.93
103.94000000000001
103.95
103.96000000000001
103.97000000000001
103.98
103.99000000000001
104.00000000000001
104.01
104.02000000000001
104.03
104.04
104.05000000000001
104.06
104.07000000000001
104.08000000000001
104.09
104.10000000000001
104.11000000000001
104.12
104.13000000000001
104.14
104.15
104.16000000000001
104.17
104.18
104.19000000000001
104.2
104.21000000000001
104.22000000000001
104.23
104.24000000000001
104.25000000000001
104.26
104.27000000000001
104.28
104.29
104.30000000000001
104.31
104.32000000000001
104.33000000000001
104.34
104.35000000000001
104.36000000000001
104.37
104.38000000000001
104.39
104.4
104.41000000000001
104.42
104.43
104.44000000000001
104.45
104.46000000000001
104.47000000000001
104.48
104.49000000000001
104.50000000000001
104.51
104.52000000000001
104.53
104.54
104.55000000000001
104.56
104.57000000000001
104.58000000000001
104.59
104.60000000000001
104.61000000000001
104.62
104.63000000000001
104.64
104.65
104.66000000000001
104.67
104.68
104.69000000000001
104.7
104.71000000000001
104.72000000000001
104.73
104.74000000000001
104.75000000000001
104.76
104.77000000000001
104.78
104.79
104.80000000000001
104.81
104.82000000000001
104.83000000000001
104.84
104.85000000000001
104.86000000000001
104.87
104.88000000000001
104.89
104.9
104.91000000000001
104.92
104.93
104.94000000000001
104.95
104.96000000000001
104.97000000000001
104.98
104.99000000000001
105.00000000000001
105.01
105.02000000000001
105.03
105.04
105.05000000000001
105.06
105.07000000000001
105.08000000000001
105.09
105.10000000000001
105.11000000000001
105.12
105.13000000000001
105.14
105.15
105.16000000000001
105.17
105.18
105.19000000000001
105.2
105.21000000000001
105.22000000000001
105.23
105.24000000000001
105.25000000000001
105.26
105.27000000000001
105.28
105.29
105.30000000000001
105.31
105.32000000000001
105.33000000000001
105.34
105.35000000000001
105.36000000000001
105.37
105.38000000000001
105.39
105.4
105.41000000000001
105.42
105.43
105.44000000000001
105.45
105.46000000000001
105.47000000000001
105.48
105.49000000000001
105.50000000000001
105.51
105.52000000000001
105.53
105.54
105.55000000000001
105.56
105.57000000000001
105.58000000000001
105.59
105.60000000000001
105.61000000000001
105.62
105.63000000000001
105.64
105.65
105.66000000000001
105.67
105.68
105.69000000000001
105.7
105.71000000000001
105.72000000000001
105.73
105.74000000000001
105.75000000000001
105.76
105.77000000000001
105.78
105.79
105.80000000000001
105.81
105.82000000000001
105.83000000000001
105.84
105.85000000000001
105.86000000000001
105.87
105.88000000000001
105.89
105.9
105.91000000000001
105.92
105.93
105.94000000000001
105.95
105.96000000000001
105.97000000000001
105.98
105.99000000000001
106.00000000000001
106.01
106.02000000000001
106.03
106.04
106.05000000000001
106.06
106.07000000000001
106.08000000000001
106.09
106.10000000000001
106.11000000000001
106.12
106.13000000000001
106.14
106.15
106.16000000000001
106.17
106.18
106.19000000000001
106.2
106.21000000000001
106.22000000000001
106.23
106.24000000000001
106.25000000000001
106.26
106.27000000000001
106.28
106.29
106.30000000000001
106.31
106.32000000000001
106.33000000000001
106.34
106.35000000000001
106.36000000000001
106.37
106.38000000000001
106.39
106.4
106.41000000000001
106.42
106.43
106.44000000000001
106.45
106.46000000000001
106.47000000000001
106.48
106.49000000000001
106.50000000000001
106.51
106.52000000000001
106.53
106.54
106.55000000000001
106.56
106.57000000000001
106.58000000000001
106.59
106.60000000000001
106.61000000000001
106.62
106.63000000000001
106.64
106.65
106.66000000000001
106.67
106.68
106.69000000000001
106.7
106.71000000000001
106.72000000000001
106.73
106.74000000000001
106.75000000000001
106.76
106.77000000000001
106.78
106.79
106.80000000000001
106.81
106.82000000000001
106.83000000000001
106.84
106.85000000000001
106.86000000000001
106.87
106.88000000000001
106.89
106.9
106.91000000000001
106.92
106.93
106.94000000000001
106.95
106.96000000000001
106.97000000000001
106.98
106.99000000000001
107.00000000000001
107.01
107.02000000000001
107.03
107.04
107.05000000000001
107.06
107.07000000000001
107.08000000000001
107.09
107.10000000000001
107.11000000000001
107.12
107.13000000000001
107.14
107.15
107.16000000000001
107.17
107.18
107.19000000000001
107.2
107.21000000000001
107.22000000000001
107.23
107.24000000000001
107.25000000000001
107.26
107.27000000000001
107.28
107.29
107.30000000000001
107.31
107.32000000000001
107.33000000000001
107.34
107.35000000000001
107.36000000000001
107.37
107.38000000000001
107.39
107.4
107.41000000000001
107.42
107.43
107.44000000000001
107.45
107.46000000000001
107.47000000000001
107.48
107.49000000000001
107.50000000000001
107.51
107.52000000000001
107.53
107.54
107.55000000000001
107.56
107.57000000000001
107.58000000000001
107.59
107.60000000000001
107.61000000000001
107.62
107.63000000000001
107.64
107.65
107.66000000000001
107.67
107.68
107.69000000000001
107.7
107.71000000000001
107.72000000000001
107.73
107.74000000000001
107.75000000000001
107.76
107.77000000000001
107.78
107.79
107.80000000000001
107.81
107.82000000000001
107.83000000000001
107.84
107.85000000000001
107.86000000000001
107.87
107.88000000000001
107.89
107.9
107.91000000000001
107.92
107.93
107.94000000000001
107.95
107.96000000000001
107.97000000000001
107.98
107.99000000000001
108.00000000000001
108.01
108.02000000000001
108.03
108.04
108.05000000000001
108.06
108.07000000000001
108.08000000000001
108.09
108.10000000000001
108.11000000000001
108.12
108.13000000000001
108.14
108.15
108.16000000000001
108.17
108.18
108.19000000000001
108.2
108.21000000000001
108.22000000000001
108.23
108.24000000000001
108.25000000000001
108.26
108.27000000000001
108.28
108.29
108.30000000000001
108.31
108.32000000000001
108.33000000000001
108.34
108.35000000000001
108.36000000000001
108.37
108.38000000000001
108.39
108.4
108.41000000000001
108.42
108.43
108.44000000000001
108.45
108.46000000000001
108.47000000000001
108.48
108.49000000000001
108.50000000000001
108.51
108.52000000000001
108.53
108.54
108.55000000000001
108.56
108.57000000000001
108.58000000000001
108.59
108.60000000000001
108.61000000000001
108.62
108.63000000000001
108.64
108.65
108.66000000000001
108.67
108.68
108.69000000000001
108.7
108.71000000000001
108.72000000000001
108.73
108.74000000000001
108.75000000000001
108.76
108.77000000000001
108.78
108.79
108.80000000000001
108.81
108.82000000000001
108.83000000000001
108.84
108.85000000000001
108.86000000000001
108.87
108.88000000000001
108.89
108.9
108.91000000000001
108.92
108.93
108.94000000000001
108.95
108.96000000000001
108.97000000000001
108.98
108.99000000000001
109.00000000000001
109.01
109.02000000000001
109.03
109.04
109.05000000000001
109.06
109.07000000000001
109.08000000000001
109.09
109.10000000000001
109.11000000000001
109.12
109.13000000000001
109.14
109.15
109.16000000000001
109.17
109.18
109.19000000000001
109.2
109.21000000000001
109.22000000000001
109.23
109.24000000000001
109.25000000000001
109.26
109.27000000000001
109.28
109.29
109.30000000000001
109.31
109.32000000000001
109.33000000000001
109.34
109.35000000000001
109.36000000000001
109.37
109.38000000000001
109.39
109.4
109.41000000000001
109.42
109.43
109.44000000000001
109.45
109.46000000000001
109.47000000000001
109.48
109.49000000000001
109.50000000000001
109.51
109.52000000000001
109.53
109.54
109.55000000000001
109.56
109.57000000000001
109.58000000000001
109.59
109.60000000000001
109.61000000000001
109.62
109.63000000000001
109.64
109.65
109.66000000000001
109.67
109.68
109.69000000000001
109.7
109.71000000000001
109.72000000000001
109.73
109.74000000000001
109.75000000000001
109.76
109.77000000000001
109.78
109.79
109.80000000000001
109.81
109.82000000000001
109.83000000000001
109.84
109.85000000000001
109.86000000000001
109.87
109.88000000000001
109.89
109.9
109.91000000000001
109.92
109.93
109.94000000000001
109.95
109.96000000000001
109.97000000000001
109.98
109.99000000000001
110.00000000000001
110.01
110.02000000000001
110.03
110.04
110.05000000000001
110.06
110.07000000000001
110.08000000000001
110.09
110.10000000000001
110.11000000000001
110.12
110.13000000000001
110.14
110.15
110.16000000000001
110.17
110.18
110.19000000000001
110.2
110.21000000000001
110.22000000000001
110.23
110.24000000000001
110.25000000000001
110.26
110.27000000000001
110.28
110.29
110.30000000000001
110.31
110.32000000000001
110.33000000000001
110.34
110.35000000000001
110.36000000000001
110.37
110.38000000000001
110.39
110.4
110.41000000000001
110.42
110.43
110.44000000000001
110.45
110.46000000000001
110.47000000000001
110.48
110.49000000000001
110.50000000000001
110.51
110.52000000000001
110.53
110.54
110.55000000000001
110.56
110.57000000000001
110.58000000000001
110.59
110.60000000000001
110.61000000000001
110.62
110.63000000000001
110.64
110.65
110.66000000000001
110.67
110.68
110.69000000000001
110.7
110.71000000000001
110.72000000000001
110.73
110.74000000000001
110.75000000000001
110.76
110.77000000000001
110.78
110.79
110.80000000000001
110.81
110.82000000000001
110.83000000000001
110.84
110.85000000000001
110.86000000000001
110.87
110.88000000000001
110.89
110.9
110.91000000000001
110.92
110.93
110.94000000000001
110.95
110.96000000000001
110.97000000000001
110.98
110.99000000000001
111.00000000000001
111.01
111.02000000000001
111.03
111.04
111.05000000000001
111.06
111.07000000000001
111.08000000000001
111.09
111.10000000000001
111.11000000000001
111.12
111.13000000000001
111.14
111.15
111.16000000000001
111.17
111.18
111.19000000000001
111.2
111.21000000000001
111.22000000000001
111.23
111.24000000000001
111.25000000000001
111.26
111.27000000000001
111.28
111.29
111.30000000000001
111.31
111.32000000000001
111.33000000000001
111.34
111.35000000000001
111.36000000000001
111.37
111.38000000000001
111.39
111.4
111.41000000000001
111.42
111.43
111.44000000000001
111.45
111.46000000000001
111.47000000000001
111.48
111.49000000000001
111.50000000000001
111.51
111.52000000000001
111.53
111.54
111.55000000000001
111.56
111.57000000000001
111.58000000000001
111.59
111.60000000000001
111.61000000000001
111.62
111.63000000000001
111.64
111.65
111.66000000000001
111.67
111.68
111.69000000000001
111.7
111.71000000000001
111.72000000000001
111.73
111.74000000000001
111.75000000000001
111.76
111.77000000000001
111.78
111.79
111.80000000000001
111.81
111.82000000000001
111.83000000000001
111.84
111.85000000000001
111.86000000000001
111.87
111.88000000000001
111.89
111.9
111.91000000000001
111.92
111.93
111.94000000000001
111.95
111.96000000000001
111.97000000000001
111.98
111.99000000000001
112.00000000000001
112.01
112.02000000000001
112.03
112.04
112.05000000000001
112.06
112.07000000000001
112.08000000000001
112.09
112.10000000000001
112.11000000000001
112.12
112.13000000000001
112.14
112.15
112.16000000000001
112.17
112.18
112.19000000000001
112.2
112.21000000000001
112.22000000000001
112.23
112.24000000000001
112.25000000000001
112.26
112.27000000000001
112.28
112.29
112.30000000000001
112.31
112.32000000000001
112.33000000000001
112.34
112.35000000000001
112.36000000000001
112.37
112.38000000000001
112.39
112.4
112.41000000000001
112.42
112.43
112.44000000000001
112.45
112.46000000000001
112.47000000000001
112.48
112.49000000000001
112.50000000000001
112.51
112.52000000000001
112.53
112.54
112.55000000000001
112.56
112.57000000000001
112.58000000000001
112.59
112.60000000000001
112.61000000000001
112.62
112.63000000000001
112.64
112.65
112.66000000000001
112.67
112.68
112.69000000000001
112.7
112.71000000000001
112.72000000000001
112.73
112.74000000000001
112.75000000000001
112.76
112.77000000000001
112.78
112.79
112.80000000000001
112.81
112.82000000000001
112.83000000000001
112.84
112.85000000000001
112.86000000000001
112.87
112.88000000000001
112.89
112.9
112.91000000000001
112.92
112.93
112.94000000000001
112.95
112.96000000000001
112.97000000000001
112.98
112.99000000000001
113.00000000000001
113.01
113.02000000000001
113.03
113.04
113.05000000000001
113.06
113.07000000000001
113.08000000000001
113.09
113.10000000000001
113.11000000000001
113.12
113.13000000000001
113.14
113.15
113.16000000000001
113.17
113.18
113.19000000000001
113.2
113.21000000000001
113.22000000000001
113.23
113.24000000000001
113.25000000000001
113.26
113.27000000000001
113.28
113.29
113.30000000000001
113.31
113.32000000000001
113.33000000000001
113.34
113.35000000000001
113.36000000000001
113.37
113.38000000000001
113.39
113.4
113.41000000000001
113.42
113.43
113.44000000000001
113.45
113.46000000000001
113.47000000000001
113.48
113.49000000000001
113.50000000000001
113.51
113.52000000000001
113.53
113.54
113.55000000000001
113.56
113.57000000000001
113.58000000000001
113.59
113.60000000000001
113.61000000000001
113.62
113.63000000000001
113.64
113.65
113.66000000000001
113.67
113.68
113.69000000000001
113.7
113.71000000000001
113.72000000000001
113.73
113.74000000000001
113.75000000000001
113.76
113.77000000000001
113.78
113.79
113.80000000000001
113.81
113.82000000000001
113.83000000000001
113.84
113.85000000000001
113.86000000000001
113.87
113.88000000000001
113.89
113.9
113.91000000000001
113.92
113.93
113.94000000000001
113.95
113.96000000000001
113.97000000000001
113.98
113.99000000000001
114.00000000000001
114.01
114.02000000000001
114.03
114.04
114.05000000000001
114.06
114.07000000000001
114.08000000000001
114.09
114.10000000000001
114.11000000000001
114.12
114.13000000000001
114.14
114.15
114.16000000000001
114.17
114.18
114.19000000000001
114.2
114.21000000000001
114.22000000000001
114.23
114.24000000000001
114.25000000000001
114.26
114.27000000000001
114.28
114.29
114.30000000000001
114.31
114.32000000000001
114.33000000000001
114.34
114.35000000000001
114.36000000000001
114.37
114.38000000000001
114.39
114.4
114.41000000000001
114.42
114.43
114.44000000000001
114.45
114.46000000000001
114.47000000000001
114.48
114.49000000000001
114.50000000000001
114.51
114.52000000000001
114.53
114.54
114.55000000000001
114.56
114.57000000000001
114.58000000000001
114.59
114.60000000000001
114.61000000000001
114.62
114.63000000000001
114.64
114.65
114.66000000000001
114.67
114.68
114.69000000000001
114.7
114.71000000000001
114.72000000000001
114.73
114.74000000000001
114.75000000000001
114.76
114.77000000000001
114.78
114.79
114.80000000000001
114.81
114.82000000000001
114.83000000000001
114.84
114.85000000000001
114.86000000000001
114.87
114.88000000000001
114.89
114.9
114.91000000000001
114.92
114.93
114.94000000000001
114.95
114.96000000000001
114.97000000000001
114.98
114.99000000000001
115.00000000000001
115.01
115.02000000000001
115.03
115.04
115.05000000000001
115.06
115.07000000000001
115.08000000000001
115.09
115.10000000000001
115.11000000000001
115.12
115.13000000000001
115.14
115.15
115.16000000000001
115.17
115.18
115.19000000000001
115.2
115.21000000000001
115.22000000000001
115.23
115.24000000000001
115.25000000000001
115.26
115.27000000000001
115.28
115.29
115.30000000000001
115.31
115.32000000000001
115.33000000000001
115.34
115.35000000000001
115.36000000000001
115.37
115.38000000000001
115.39
115.4
115.41000000000001
115.42
115.43
115.44000000000001
115.45
115.46000000000001
115.47000000000001
115.48
115.49000000000001
115.50000000000001
115.51
115.52000000000001
115.53
115.54
115.55000000000001
115.56
115.57000000000001
115.58000000000001
115.59
115.60000000000001
115.61000000000001
115.62
115.63000000000001
115.64
115.65
115.66000000000001
115.67
115.68
115.69000000000001
115.7
115.71000000000001
115.72000000000001
115.73
115.74000000000001
115.75000000000001
115.76
115.77000000000001
115.78
115.79
115.80000000000001
115.81
115.82000000000001
115.83000000000001
115.84
115.85000000000001
115.86000000000001
115.87
115.88000000000001
115.89
115.9
115.91000000000001
115.92
115.93
115.94000000000001
115.95
115.96000000000001
115.97000000000001
115.98
115.99000000000001
116.00000000000001
116.01
116.02000000000001
116.03
116.04
116.05000000000001
116.06
116.07000000000001
116.08000000000001
116.09
116.10000000000001
116.11000000000001
116.12
116.13000000000001
116.14
116.15
116.16000000000001
116.17
116.18
116.19000000000001
116.2
116.21000000000001
116.22000000000001
116.23
116.24000000000001
116.25000000000001
116.26
116.27000000000001
116.28
116.29
116.30000000000001
116.31
116.32000000000001
116.33000000000001
116.34
116.35000000000001
116.36000000000001
116.37
116.38000000000001
116.39
116.4
116.41000000000001
116.42
116.43
116.44000000000001
116.45
116.46000000000001
116.47000000000001
116.48
116.49000000000001
116.50000000000001
116.51
116.52000000000001
116.53
116.54
116.55000000000001
116.56
116.57000000000001
116.58000000000001
116.59
116.60000000000001
116.61000000000001
116.62
116.63000000000001
116.64
116.65
116.66000000000001
116.67
116.68
116.69000000000001
116.7
116.71000000000001
116.72000000000001
116.73
116.74000000000001
116.75000000000001
116.76
116.77000000000001
116.78
116.79
116.80000000000001
116.81
116.82000000000001
116.83000000000001
116.84
116.85000000000001
116.86000000000001
116.87
116.88000000000001
116.89
116.9
116.91000000000001
116.92
116.93
116.94000000000001
116.95
116.96000000000001
116.97000000000001
116.98
116.99000000000001
117.00000000000001
117.01
117.02000000000001
117.03
117.04
117.05000000000001
117.06
117.07000000000001
117.08000000000001
117.09
117.10000000000001
117.11000000000001
117.12
117.13000000000001
117.14
117.15
117.16000000000001
117.17
117.18
117.19000000000001
117.2
117.21000000000001
117.22000000000001
117.23
117.24000000000001
117.25000000000001
117.26
117.27000000000001
117.28
117.29
117.30000000000001
117.31
117.32000000000001
117.33000000000001
117.34
117.35000000000001
117.36000000000001
117.37
117.38000000000001
117.39
117.4
117.41000000000001
117.42
117.43
117.44000000000001
117.45
117.46000000000001
117.47000000000001
117.48
117.49000000000001
117.50000000000001
117.51
117.52000000000001
117.53
117.54
117.55000000000001
117.56
117.57000000000001
117.58000000000001
117.59
117.60000000000001
117.61000000000001
117.62
117.63000000000001
117.64
117.65
117.66000000000001
117.67
117.68
117.69000000000001
117.7
117.71000000000001
117.72000000000001
117.73
117.74000000000001
117.75000000000001
117.76
117.77000000000001
117.78
117.79
117.80000000000001
117.81
117.82000000000001
117.83000000000001
117.84
117.85000000000001
117.86000000000001
117.87
117.88000000000001
117.89
117.9
117.91000000000001
117.92
117.93
117.94000000000001
117.95
117.96000000000001
117.97000000000001
117.98
117.99000000000001
118.00000000000001
118.01
118.02000000000001
118.03
118.04
118.05000000000001
118.06
118.07000000000001
118.08000000000001
118.09
118.10000000000001
118.11000000000001
118.12
118.13000000000001
118.14
118.15
118.16000000000001
118.17
118.18
118.19000000000001
118.2
118.21000000000001
118.22000000000001
118.23
118.24000000000001
118.25000000000001
118.26
118.27000000000001
118.28
118.29
118.30000000000001
118.31
118.32000000000001
118.33000000000001
118.34
118.35000000000001
118.36000000000001
118.37
118.38000000000001
118.39
118.4
118.41000000000001
118.42
118.43
118.44000000000001
118.45
118.46000000000001
118.47000000000001
118.48
118.49000000000001
118.50000000000001
118.51
118.52000000000001
118.53
118.54
118.55000000000001
118.56
118.57000000000001
118.58000000000001
118.59
118.60000000000001
118.61000000000001
118.62
118.63000000000001
118.64
118.65
118.66000000000001
118.67
118.68
118.69000000000001
118.7
118.71000000000001
118.72000000000001
118.73
118.74000000000001
118.75000000000001
118.76
118.77000000000001
118.78
118.79
118.80000000000001
118.81
118.82000000000001
118.83000000000001
118.84
118.85000000000001
118.86000000000001
118.87
118.88000000000001
118.89
118.9
118.91000000000001
118.92
118.93
118.94000000000001
118.95
118.96000000000001
118.97000000000001
118.98
118.99000000000001
119.00000000000001
119.01
119.02000000000001
119.03
119.04
119.05000000000001
119.06
119.07000000000001
119.08000000000001
119.09
119.10000000000001
119.11000000000001
119.12
119.13000000000001
119.14
119.15
119.16000000000001
119.17
119.18
119.19000000000001
119.2
119.21000000000001
119.22000000000001
119.23
119.24000000000001
119.25000000000001
119.26
119.27000000000001
119.28
119.29
119.30000000000001
119.31
119.32000000000001
119.33000000000001
119.34
119.35000000000001
119.36000000000001
119.37
119.38000000000001
119.39
119.4
119.41000000000001
119.42
119.43
119.44000000000001
119.45
119.46000000000001
119.47000000000001
119.48
119.49000000000001
119.50000000000001
119.51
119.52000000000001
119.53
119.54
119.55000000000001
119.56
119.57000000000001
119.58000000000001
119.59
119.60000000000001
119.61000000000001
119.62
119.63000000000001
119.64
119.65
119.66000000000001
119.67
119.68
119.69000000000001
119.7
119.71000000000001
119.72000000000001
119.73
119.74000000000001
119.75000000000001
119.76
119.77000000000001
119.78
119.79
119.80000000000001
119.81
119.82000000000001
119.83000000000001
119.84
119.85000000000001
119.86000000000001
119.87
119.88000000000001
119.89
119.9
119.91000000000001
119.92
119.93
119.94000000000001
119.95
119.96000000000001
119.97000000000001
119.98
119.99000000000001
120.00000000000001
120.01
120.02000000000001
120.03
120.04
120.05000000000001
120.06
120.07000000000001
120.08000000000001
120.09
120.10000000000001
120.11000000000001
120.12
120.13000000000001
120.14
120.15
120.16000000000001
120.17
120.18
120.19000000000001
120.2
120.21000000000001
120.22000000000001
120.23
120.24000000000001
120.25000000000001
120.26
120.27000000000001
120.28
120.29
120.30000000000001
120.31
120.32000000000001
120.33000000000001
120.34
120.35000000000001
120.36000000000001
120.37
120.38000000000001
120.39
120.4
120.41000000000001
120.42
120.43
120.44000000000001
120.45
120.46000000000001
120.47000000000001
120.48
120.49000000000001
120.50000000000001
120.51
120.52000000000001
120.53
120.54
120.55000000000001
120.56
120.57000000000001
120.58000000000001
120.59
120.60000000000001
120.61000000000001
120.62
120.63000000000001
120.64
120.65
120.66000000000001
120.67
120.68
120.69000000000001
120.7
120.71000000000001
120.72000000000001
120.73
120.74000000000001
120.75000000000001
120.76
120.77000000000001
120.78
120.79
120.80000000000001
120.81
120.82000000000001
120.83000000000001
120.84
120.85000000000001
120.86000000000001
120.87
120.88000000000001
120.89
120.9
120.91000000000001
120.92
120.93
120.94000000000001
120.95
120.96000000000001
120.97000000000001
120.98
120.99000000000001
121.00000000000001
121.01
121.02000000000001
121.03
121.04
121.05000000000001
121.06
121.07000000000001
121.08000000000001
121.09
121.10000000000001
121.11000000000001
121.12
121.13000000000001
121.14
121.15
121.16000000000001
121.17
121.18
121.19000000000001
121.2
121.21000000000001
121.22000000000001
121.23
121.24000000000001
121.25000000000001
121.26
121.27000000000001
121.28
121.29
121.30000000000001
121.31
121.32000000000001
121.33000000000001
121.34
121.35000000000001
121.36000000000001
121.37
121.38000000000001
121.39
121.4
121.41000000000001
121.42
121.43
121.44000000000001
121.45
121.46000000000001
121.47000000000001
121.48
121.49000000000001
121.50000000000001
121.51
121.52000000000001
121.53
121.54
121.55000000000001
121.56
121.57000000000001
121.58000000000001
121.59
121.60000000000001
121.61000000000001
121.62
121.63000000000001
121.64
121.65
121.66000000000001
121.67
121.68
121.69000000000001
121.7
121.71000000000001
121.72000000000001
121.73
121.74000000000001
121.75000000000001
121.76
121.77000000000001
121.78
121.79
121.80000000000001
121.81
121.82000000000001
121.83000000000001
121.84
121.85000000000001
121.86000000000001
121.87
121.88000000000001
121.89
121.9
121.91000000000001
121.92
121.93
121.94000000000001
121.95
121.96000000000001
121.97000000000001
121.98
121.99000000000001
122.00000000000001
122.01
122.02000000000001
122.03
122.04
122.05000000000001
122.06
122.07000000000001
122.08000000000001
122.09
122.10000000000001
122.11000000000001
122.12
122.13000000000001
122.14
122.15
122.16000000000001
122.17
122.18
122.19000000000001
122.2
122.21000000000001
122.22000000000001
122.23
122.24000000000001
122.25000000000001
122.26
122.27000000000001
122.28
122.29
122.30000000000001
122.31
122.32000000000001
122.33000000000001
122.34
122.35000000000001
122.36000000000001
122.37
122.38000000000001
122.39
122.4
122.41000000000001
122.42
122.43
122.44000000000001
122.45
122.46000000000001
122.47000000000001
122.48
122.49000000000001
122.50000000000001
122.51
122.52000000000001
122.53
122.54
122.55000000000001
122.56
122.57000000000001
122.58000000000001
122.59
122.60000000000001
122.61000000000001
122.62
122.63000000000001
122.64
122.65
122.66000000000001
122.67
122.68
122.69000000000001
122.7
122.71000000000001
122.72000000000001
122.73
122.74000000000001
122.75000000000001
122.76
122.77000000000001
122.78
122.79
122.80000000000001
122.81
122.82000000000001
122.83000000000001
122.84
122.85000000000001
122.86000000000001
122.87
122.88000000000001
122.89
122.9
122.91000000000001
122.92
122.93
122.94000000000001
122.95
122.96000000000001
122.97000000000001
122.98
122.99000000000001
123.00000000000001
123.01
123.02000000000001
123.03
123.04
123.05000000000001
123.06
123.07000000000001
123.08000000000001
123.09
123.10000000000001
123.11000000000001
123.12
123.13000000000001
123.14000000000001
123.15
123.16000000000001
123.17
123.18
123.19000000000001
123.2
123.21000000000001
123.22000000000001
123.23
123.24000000000001
123.25000000000001
123.26
123.27000000000001
123.28
123.29
123.30000000000001
123.31
123.32000000000001
123.33000000000001
123.34
123.35000000000001
123.36000000000001
123.37
123.38000000000001
123.39000000000001
123.4
123.41000000000001
123.42
123.43
123.44000000000001
123.45
123.46000000000001
123.47000000000001
123.48
123.49000000000001
123.50000000000001
123.51
123.52000000000001
123.53
123.54
123.55000000000001
123.56
123.57000000000001
123.58000000000001
123.59
123.60000000000001
123.61000000000001
123.62
123.63000000000001
123.64000000000001
123.65
123.66000000000001
123.67
123.68
123.69000000000001
123.7
123.71000000000001
123.72000000000001
123.73
123.74000000000001
123.75000000000001
123.76
123.77000000000001
123.78
123.79
123.80000000000001
123.81
123.82000000000001
123.83000000000001
123.84
123.85000000000001
123.86000000000001
123.87
123.88000000000001
123.89000000000001
123.9
123.91000000000001
123.92
123.93
123.94000000000001
123.95
123.96000000000001
123.97000000000001
123.98
123.99000000000001
124.00000000000001
124.01
124.02000000000001
124.03
124.04
124.05000000000001
124.06
124.07000000000001
124.08000000000001
124.09
124.10000000000001
124.11000000000001
124.12
124.13000000000001
124.14000000000001
124.15
124.16000000000001
124.17
124.18
124.19000000000001
124.2
124.21000000000001
124.22000000000001
124.23
124.24000000000001
124.25000000000001
124.26
124.27000000000001
124.28
124.29
124.30000000000001
124.31
124.32000000000001
124.33000000000001
124.34
124.35000000000001
124.36000000000001
124.37
124.38000000000001
124.39000000000001
124.4
124.41000000000001
124.42
124.43
124.44000000000001
124.45
124.46000000000001
124.47000000000001
124.48
124.49000000000001
124.50000000000001
124.51
124.52000000000001
124.53
124.54
124.55000000000001
124.56
124.57000000000001
124.58000000000001
124.59
124.60000000000001
124.61000000000001
124.62
124.63000000000001
124.64000000000001
124.65
124.66000000000001
124.67
124.68
124.69000000000001
124.7
124.71000000000001
124.72000000000001
124.73
124.74000000000001
124.75000000000001
124.76
124.77000000000001
124.78
124.79
124.80000000000001
124.81
124.82000000000001
124.83000000000001
124.84
124.85000000000001
124.86000000000001
124.87
124.88000000000001
124.89000000000001
124.9
124.91000000000001
124.92
124.93
124.94000000000001
124.95
124.96000000000001
124.97000000000001
124.98
124.99000000000001
125.00000000000001
125.01
125.02000000000001
125.03
125.04
125.05000000000001
125.06
125.07000000000001
125.08000000000001
125.09
125.10000000000001
125.11000000000001
125.12
125.13000000000001
125.14000000000001
125.15
125.16000000000001
125.17
125.18
125.19000000000001
125.2
125.21000000000001
125.22000000000001
125.23
125.24000000000001
125.25000000000001
125.26
125.27000000000001
125.28
125.29
125.30000000000001
125.31
125.32000000000001
125.33000000000001
125.34
125.35000000000001
125.36000000000001
125.37
125.38000000000001
125.39000000000001
125.4
125.41000000000001
125.42
125.43
125.44000000000001
125.45
125.46000000000001
125.47000000000001
125.48
125.49000000000001
125.50000000000001
125.51
125.52000000000001
125.53
125.54
125.55000000000001
125.56
125.57000000000001
125.58000000000001
125.59
125.60000000000001
125.61000000000001
125.62
125.63000000000001
125.64000000000001
125.65
125.66000000000001
125.67
125.68
125.69000000000001
125.7
125.71000000000001
125.72000000000001
125.73
125.74000000000001
125.75000000000001
125.76
125.77000000000001
125.78
125.79
125.80000000000001
125.81
125.82000000000001
125.83000000000001
125.84
125.85000000000001
125.86000000000001
125.87
125.88000000000001
125.89000000000001
125.9
125.91000000000001
125.92
125.93
125.94000000000001
125.95
125.96000000000001
125.97000000000001
125.98
125.99000000000001
126.00000000000001
126.01
126.02000000000001
126.03
126.04
126.05000000000001
126.06
126.07000000000001
126.08000000000001
126.09
126.10000000000001
126.11000000000001
126.12
126.13000000000001
126.14000000000001
126.15
126.16000000000001
126.17
126.18
126.19000000000001
126.2
126.21000000000001
126.22000000000001
126.23
126.24000000000001
126.25000000000001
126.26
126.27000000000001
126.28
126.29
126.30000000000001
126.31
126.32000000000001
126.33000000000001
126.34
126.35000000000001
126.36000000000001
126.37
126.38000000000001
126.39000000000001
126.4
126.41000000000001
126.42
126.43
126.44000000000001
126.45
126.46000000000001
126.47000000000001
126.48
126.49000000000001
126.50000000000001
126.51
126.52000000000001
126.53
126.54
126.55000000000001
126.56
126.57000000000001
126.58000000000001
126.59
126.60000000000001
126.61000000000001
126.62
126.63000000000001
126.64000000000001
126.65
126.66000000000001
126.67
126.68
126.69000000000001
126.7
126.71000000000001
126.72000000000001
126.73
126.74000000000001
126.75000000000001
126.76
126.77000000000001
126.78
126.79
126.80000000000001
126.81
126.82000000000001
126.83000000000001
126.84
126.85000000000001
126.86000000000001
126.87
126.88000000000001
126.89000000000001
126.9
126.91000000000001
126.92
126.93
126.94000000000001
126.95
126.96000000000001
126.97000000000001
126.98
126.99000000000001
127.00000000000001
127.01
127.02000000000001
127.03
127.04
127.05000000000001
127.06
127.07000000000001
127.08000000000001
127.09
127.10000000000001
127.11000000000001
127.12
127.13000000000001
127.14000000000001
127.15
127.16000000000001
127.17
127.18
127.19000000000001
127.2
127.21000000000001
127.22000000000001
127.23
127.24000000000001
127.25000000000001
127.26
127.27000000000001
127.28
127.29
127.30000000000001
127.31
127.32000000000001
127.33000000000001
127.34
127.35000000000001
127.36000000000001
127.37
127.38000000000001
127.39000000000001
127.4
127.41000000000001
127.42
127.43
127.44000000000001
127.45
127.46000000000001
127.47000000000001
127.48
127.49000000000001
127.50000000000001
127.51
127.52000000000001
127.53
127.54
127.55000000000001
127.56
127.57000000000001
127.58000000000001
127.59
127.60000000000001
127.61000000000001
127.62
127.63000000000001
127.64000000000001
127.65
127.66000000000001
127.67
127.68
127.69000000000001
127.7
127.71000000000001
127.72000000000001
127.73
127.74000000000001
127.75000000000001
127.76
127.77000000000001
127.78
127.79
127.80000000000001
127.81
127.82000000000001
127.83000000000001
127.84
127.85000000000001
127.86000000000001
127.87
127.88000000000001
127.89000000000001
127.9
127.91000000000001
127.92
127.93
127.94000000000001
127.95
127.96000000000001
127.97000000000001
127.98
127.99000000000001
128.0
128.01
128.01999999999998
128.03
128.04
128.04999999999998
128.06
128.07
128.07999999999998
128.09
128.1
128.10999999999999
128.12
128.13
128.14
128.15
128.16
128.17
128.18
128.19
128.2
128.20999999999998
128.22
128.23
128.23999999999998
128.25
128.26
128.26999999999998
128.28
128.29
128.29999999999998
128.31
128.32
128.32999999999998
128.34
128.35
128.35999999999999
128.37
128.38
128.39
128.4
128.41
128.42
128.43
128.44
128.45
128.45999999999998
128.47
128.48
128.48999999999998
128.5
128.51
128.51999999999998
128.53
128.54
128.54999999999998
128.56
128.57
128.57999999999998
128.59
128.6
128.60999999999999
128.62
128.63
128.64
128.65
128.66
128.67
128.68
128.69
128.7
128.70999999999998
128.72
128.73
128.73999999999998
128.75
128.76
128.76999999999998
128.78
128.79
128.79999999999998
128.81
128.82
128.82999999999998
128.84
128.85
128.85999999999999
128.87
128.88
128.89
128.9
128.91
128.92
128.93
128.94
128.95
128.95999999999998
128.97
128.98
128.98999999999998
129.0
129.01
129.01999999999998
129.03
129.04
129.04999999999998
129.06
129.07
129.07999999999998
129.09
129.1
129.10999999999999
129.12
129.13
129.14
129.15
129.16
129.17
129.18
129.19
129.2
129.20999999999998
129.22
129.23
129.23999999999998
129.25
129.26
129.26999999999998
129.28
129.29
129.29999999999998
129.31
129.32
129.32999999999998
129.34
129.35
129.35999999999999
129.37
129.38
129.39
129.4
129.41
129.42
129.43
129.44
129.45
129.45999999999998
129.47
129.48
129.48999999999998
129.5
129.51
129.51999999999998
129.53
129.54
129.54999999999998
129.56
129.57
129.57999999999998
129.59
129.6
129.60999999999999
129.62
129.63
129.64
129.65
129.66
129.67
129.68
129.69
129.7
129.70999999999998
129.72
129.73
129.73999999999998
129.75
129.76
129.76999999999998
129.78
129.79
129.79999999999998
129.81
129.82
129.82999999999998
129.84
129.85
129.85999999999999
129.87
129.88
129.89
129.9
129.91
129.92
129.93
129.94
129.95
129.95999999999998
129.97
129.98
129.98999999999998
130.0
130.01
130.01999999999998
130.03
130.04
130.04999999999998
130.06
130.07
130.07999999999998
130.09
130.1
130.10999999999999
130.12
130.13
130.14
130.15
130.16
130.17
130.18
130.19
130.2
130.20999999999998
130.22
130.23
130.23999999999998
130.25
130.26
130.26999999999998
130.28
130.29
130.29999999999998
130.31
130.32
130.32999999999998
130.34
130.35
130.35999999999999
130.37
130.38
130.39
130.4
130.41
130.42
130.43
130.44
130.45
130.45999999999998
130.47
130.48
130.48999999999998
130.5
130.51
130.51999999999998
130.53
130.54
130.54999999999998
130.56
130.57
130.57999999999998
130.59
130.6
130.60999999999999
130.62
130.63
130.64
130.65
130.66
130.67
130.68
130.69
130.7
130.70999999999998
130.72
130.73
130.73999999999998
130.75
130.76
130.76999999999998
130.78
130.79
130.79999999999998
130.81
130.82
130.82999999999998
130.84
130.85
130.85999999999999
130.87
130.88
130.89
130.9
130.91
130.92
130.93
130.94
130.95
130.95999999999998
130.97
130.98
130.98999999999998
131.0
131.01
131.01999999999998
131.03
131.04
131.04999999999998
131.06
131.07
131.07999999999998
131.09
131.1
131.10999999999999
131.12
131.13
131.14
131.15
131.16
131.17
131.18
131.19
131.2
131.20999999999998
131.22
131.23
131.23999999999998
131.25
131.26
131.26999999999998
131.28
131.29
131.29999999999998
131.31
131.32
131.32999999999998
131.34
131.35
131.35999999999999
131.37
131.38
131.39
131.4
131.41
131.42
131.43
131.44
131.45
131.45999999999998
131.47
131.48
131.48999999999998
131.5
131.51
131.51999999999998
131.53
131.54
131.54999999999998
131.56
131.57
131.57999999999998
131.59
131.6
131.60999999999999
131.62
131.63
131.64
131.65
131.66
131.67
131.68
131.69
131.7
131.70999999999998
131.72
131.73
131.73999999999998
131.75
131.76
131.76999999999998
131.78
131.79
131.79999999999998
131.81
131.82
131.82999999999998
131.84
131.85
131.85999999999999
131.87
131.88
131.89
131.9
131.91
131.92
131.93
131.94
131.95
131.95999999999998
131.97
131.98
131.98999999999998
132.0
132.01
132.01999999999998
132.03
132.04
132.04999999999998
132.06
132.07
132.07999999999998
132.09
132.1
132.10999999999999
132.12
132.13
132.14
132.15
132.16
132.17
132.18
132.19
132.2
132.20999999999998
132.22
132.23
132.23999999999998
132.25
132.26
132.26999999999998
132.28
132.29
132.29999999999998
132.31
132.32
132.32999999999998
132.34
132.35
132.35999999999999
132.37
132.38
132.39
132.4
132.41
132.42
132.43
132.44
132.45
132.45999999999998
132.47
132.48
132.48999999999998
132.5
132.51
132.51999999999998
132.53
132.54
132.54999999999998
132.56
132.57
132.57999999999998
132.59
132.6
132.60999999999999
132.62
132.63
132.64
132.65
132.66
132.67
132.68
132.69
132.7
132.70999999999998
132.72
132.73
132.73999999999998
132.75
132.76
132.76999999999998
132.78
132.79
132.79999999999998
132.81
132.82
132.82999999999998
132.84
132.85
132.85999999999999
132.87
132.88
132.89
132.9
132.91
132.92
132.93
132.94
132.95
132.95999999999998
132.97
132.98
132.98999999999998
133.0
133.01
133.01999999999998
133.03
133.04
133.04999999999998
133.06
133.07
133.07999999999998
133.09
133.1
133.10999999999999
133.12
133.13
133.14
133.15
133.16
133.17
133.18
133.19
133.2
133.20999999999998
133.22
133.23
133.23999999999998
133.25
133.26
133.26999999999998
133.28
133.29
133.29999999999998
133.31
133.32
133.32999999999998
133.34
133.35
133.35999999999999
133.37
133.38
133.39
133.4
133.41
133.42
133.43
133.44
133.45
133.45999999999998
133.47
133.48
133.48999999999998
133.5
133.51
133.51999999999998
133.53
133.54
133.54999999999998
133.56
133.57
133.57999999999998
133.59
133.6
133.60999999999999
133.62
133.63
133.64
133.65
133.66
133.67
133.68
133.69
133.7
133.70999999999998
133.72
133.73
133.73999999999998
133.75
133.76
133.76999999999998
133.78
133.79
133.79999999999998
133.81
133.82
133.82999999999998
133.84
133.85
133.85999999999999
133.87
133.88
133.89
133.9
133.91
133.92
133.93
133.94
133.95
133.95999999999998
133.97
133.98
133.98999999999998
134.0
134.01
134.01999999999998
134.03
134.04
134.04999999999998
134.06
134.07
134.07999999999998
134.09
134.1
134.10999999999999
134.12
134.13
134.14
134.15
134.16
134.17
134.18
134.19
134.2
134.20999999999998
134.22
134.23
134.23999999999998
134.25
134.26
134.26999999999998
134.28
134.29
134.29999999999998
134.31
134.32
134.32999999999998
134.34
134.35
134.35999999999999
134.37
134.38
134.39
134.4
134.41
134.42
134.43
134.44
134.45
134.45999999999998
134.47
134.48
134.48999999999998
134.5
134.51
134.51999999999998
134.53
134.54
134.54999999999998
134.56
134.57
134.57999999999998
134.59
134.6
134.60999999999999
134.62
134.63
134.64
134.65
134.66
134.67
134.68
134.69
134.7
134.70999999999998
134.72
134.73
134.73999999999998
134.75
134.76
134.76999999999998
134.78
134.79
134.79999999999998
134.81
134.82
134.82999999999998
134.84
134.85
134.85999999999999
134.87
134.88
134.89
134.9
134.91
134.92
134.93
134.94
134.95
134.95999999999998
134.97
134.98
134.98999999999998
135.0
135.01
135.01999999999998
135.03
135.04
135.04999999999998
135.06
135.07
135.07999999999998
135.09
135.1
135.10999999999999
135.12
135.13
135.14
135.15
135.16
135.17
135.18
135.19
135.2
135.20999999999998
135.22
135.23
135.23999999999998
135.25
135.26
135.26999999999998
135.28
135.29
135.29999999999998
135.31
135.32
135.32999999999998
135.34
135.35
135.35999999999999
135.37
135.38
135.39
135.4
135.41
135.42
135.43
135.44
135.45
135.45999999999998
135.47
135.48
135.48999999999998
135.5
135.51
135.51999999999998
135.53
135.54
135.54999999999998
135.56
135.57
135.57999999999998
135.59
135.6
135.60999999999999
135.62
135.63
135.64
135.65
135.66
135.67
135.68
135.69
135.7
135.70999999999998
135.72
135.73
135.73999999999998
135.75
135.76
135.76999999999998
135.78
135.79
135.79999999999998
135.81
135.82
135.82999999999998
135.84
135.85
135.85999999999999
135.87
135.88
135.89
135.9
135.91
135.92
135.93
135.94
135.95
135.95999999999998
135.97
135.98
135.98999999999998
136.0
136.01
136.01999999999998
136.03
136.04
136.04999999999998
136.06
136.07
136.07999999999998
136.09
136.1
136.10999999999999
136.12
136.13
136.14
136.15
136.16
136.17
136.18
136.19
136.2
136.20999999999998
136.22
136.23
136.23999999999998
136.25
136.26
136.26999999999998
136.28
136.29
136.29999999999998
136.31
136.32
136.32999999999998
136.34
136.35
136.35999999999999
136.37
136.38
136.39
136.4
136.41
136.42
136.43
136.44
136.45
136.45999999999998
136.47
136.48
136.48999999999998
136.5
136.51
136.51999999999998
136.53
136.54
136.54999999999998
136.56
136.57
136.57999999999998
136.59
136.6
136.60999999999999
136.62
136.63
136.64
136.65
136.66
136.67
136.68
136.69
136.7
136.71
136.72
136.73
136.73999999999998
136.75
136.76
136.76999999999998
136.78
136.79
136.79999999999998
136.81
136.82
136.82999999999998
136.84
136.85
136.85999999999999
136.87
136.88
136.89
136.9
136.91
136.92
136.93
136.94
136.95
136.96
136.97
136.98
136.98999999999998
137.0
137.01
137.01999999999998
137.03
137.04
137.04999999999998
137.06
137.07
137.07999999999998
137.09
137.1
137.10999999999999
137.12
137.13
137.14
137.15
137.16
137.17
137.18
137.19
137.2
137.21
137.22
137.23
137.23999999999998
137.25
137.26
137.26999999999998
137.28
137.29
137.29999999999998
137.31
137.32
137.32999999999998
137.34
137.35
137.35999999999999
137.37
137.38
137.39
137.4
137.41
137.42
137.43
137.44
137.45
137.46
137.47
137.48
137.48999999999998
137.5
137.51
137.51999999999998
137.53
137.54
137.54999999999998
137.56
137.57
137.57999999999998
137.59
137.6
137.60999999999999
137.62
137.63
137.64
137.65
137.66
137.67
137.68
137.69
137.7
137.71
137.72
137.73
137.73999999999998
137.75
137.76
137.76999999999998
137.78
137.79
137.79999999999998
137.81
137.82
137.82999999999998
137.84
137.85
137.85999999999999
137.87
137.88
137.89
137.9
137.91
137.92
137.93
137.94
137.95
137.96
137.97
137.98
137.98999999999998
138.0
138.01
138.01999999999998
138.03
138.04
138.04999999999998
138.06
138.07
138.07999999999998
138.09
138.1
138.10999999999999
138.12
138.13
138.14
138.15
138.16
138.17
138.18
138.19
138.2
138.21
138.22
138.23
138.23999999999998
138.25
138.26
138.26999999999998
138.28
138.29
138.29999999999998
138.31
138.32
138.32999999999998
138.34
138.35
138.35999999999999
138.37
138.38
138.39
138.4
138.41
138.42
138.43
138.44
138.45
138.46
138.47
138.48
138.48999999999998
138.5
138.51
138.51999999999998
138.53
138.54
138.54999999999998
138.56
138.57
138.57999999999998
138.59
138.6
138.60999999999999
138.62
138.63
138.64
138.65
138.66
138.67
138.68
138.69
138.7
138.71
138.72
138.73
138.73999999999998
138.75
138.76
138.76999999999998
138.78
138.79
138.79999999999998
138.81
138.82
138.82999999999998
138.84
138.85
138.85999999999999
138.87
138.88
138.89
138.9
138.91
138.92
138.93
138.94
138.95
138.96
138.97
138.98
138.98999999999998
139.0
139.01
139.01999999999998
139.03
139.04
139.04999999999998
139.06
139.07
139.07999999999998
139.09
139.1
139.10999999999999
139.12
139.13
139.14
139.15
139.16
139.17
139.18
139.19
139.2
139.21
139.22
139.23
139.23999999999998
139.25
139.26
139.26999999999998
139.28
139.29
139.29999999999998
139.31
139.32
139.32999999999998
139.34
139.35
139.35999999999999
139.37
139.38
139.39
139.4
139.41
139.42
139.43
139.44
139.45
139.46
139.47
139.48
139.48999999999998
139.5
139.51
139.51999999999998
139.53
139.54
139.54999999999998
139.56
139.57
139.57999999999998
139.59
139.6
139.60999999999999
139.62
139.63
139.64
139.65
139.66
139.67
139.68
139.69
139.7
139.71
139.72
139.73
139.73999999999998
139.75
139.76
139.76999999999998
139.78
139.79
139.79999999999998
139.81
139.82
139.82999999999998
139.84
139.85
139.85999999999999
139.87
139.88
139.89
139.9
139.91
139.92
139.93
139.94
139.95
139.96
139.97
139.98
139.98999999999998
140.0
140.01
140.01999999999998
140.03
140.04
140.04999999999998
140.06
140.07
140.07999999999998
140.09
140.1
140.10999999999999
140.12
140.13
140.14
140.15
140.16
140.17
140.18
140.19
140.2
140.21
140.22
140.23
140.23999999999998
140.25
140.26
140.26999999999998
140.28
140.29
140.29999999999998
140.31
140.32
140.32999999999998
140.34
140.35
140.35999999999999
140.37
140.38
140.39
140.4
140.41
140.42
140.43
140.44
140.45
140.46
140.47
140.48
140.48999999999998
140.5
140.51
140.51999999999998
140.53
140.54
140.54999999999998
140.56
140.57
140.57999999999998
140.59
140.6
140.60999999999999
140.62
140.63
140.64
140.65
140.66
140.67
140.68
140.69
140.7
140.71
140.72
140.73
140.73999999999998
140.75
140.76
140.76999999999998
140.78
140.79
140.79999999999998
140.81
140.82
140.82999999999998
140.84
140.85
140.85999999999999
140.87
140.88
140.89
140.9
140.91
140.92
140.93
140.94
140.95
140.96
140.97
140.98
140.98999999999998
141.0
141.01
141.01999999999998
141.03
141.04
141.04999999999998
141.06
141.07
141.07999999999998
141.09
141.1
141.10999999999999
141.12
141.13
141.14
141.15
141.16
141.17
141.18
141.19
141.2
141.21
141.22
141.23
141.23999999999998
141.25
141.26
141.26999999999998
141.28
141.29
141.29999999999998
141.31
141.32
141.32999999999998
141.34
141.35
141.35999999999999
141.37
141.38
141.39
141.4
141.41
141.42
141.43
141.44
141.45
141.46
141.47
141.48
141.48999999999998
141.5
141.51
141.51999999999998
141.53
141.54
141.54999999999998
141.56
141.57
141.57999999999998
141.59
141.6
141.60999999999999
141.62
141.63
141.64
141.65
141.66
141.67
141.68
141.69
141.7
141.71
141.72
141.73
141.73999999999998
141.75
141.76
141.76999999999998
141.78
141.79
141.79999999999998
141.81
141.82
141.82999999999998
141.84
141.85
141.85999999999999
141.87
141.88
141.89
141.9
141.91
141.92
141.93
141.94
141.95
141.96
141.97
141.98
141.98999999999998
142.0
142.01
142.01999999999998
142.03
142.04
142.04999999999998
142.06
142.07
142.07999999999998
142.09
142.1
142.10999999999999
142.12
142.13
142.14
142.15
142.16
142.17
142.18
142.19
142.2
142.21
142.22
142.23
142.23999999999998
142.25
142.26
142.26999999999998
142.28
142.29
142.29999999999998
142.31
142.32
142.32999999999998
142.34
142.35
142.35999999999999
142.37
142.38
142.39
142.4
142.41
142.42
142.43
142.44
142.45
142.46
142.47
142.48
142.48999999999998
142.5
142.51
142.51999999999998
142.53
142.54
142.54999999999998
142.56
142.57
142.57999999999998
142.59
142.6
142.60999999999999
142.62
142.63
142.64
142.65
142.66
142.67
142.68
142.69
142.7
142.71
142.72
142.73
142.73999999999998
142.75
142.76
142.76999999999998
142.78
142.79
142.79999999999998
142.81
142.82
142.82999999999998
142.84
142.85
142.85999999999999
142.87
142.88
142.89
142.9
142.91
142.92
142.93
142.94
142.95
142.96
142.97
142.98
142.98999999999998
143.0
143.01
143.01999999999998
143.03
143.04
143.04999999999998
143.06
143.07
143.07999999999998
143.09
143.1
143.10999999999999
143.12
143.13
143.14
143.15
143.16
143.17
143.18
143.19
143.2
143.21
143.22
143.23
143.23999999999998
143.25
143.26
143.26999999999998
143.28
143.29
143.29999999999998
143.31
143.32
143.32999999999998
143.34
143.35
143.35999999999999
143.37
143.38
143.39
143.4
143.41
143.42
143.43
143.44
143.45
143.46
143.47
143.48
143.48999999999998
143.5
143.51
143.51999999999998
143.53
143.54
143.54999999999998
143.56
143.57
143.57999999999998
143.59
143.6
143.60999999999999
143.62
143.63
143.64
143.65
143.66
143.67
143.68
143.69
143.7
143.71
143.72
143.73
143.73999999999998
143.75
143.76
143.76999999999998
143.78
143.79
143.79999999999998
143.81
143.82
143.82999999999998
143.84
143.85
143.85999999999999
143.87
143.88
143.89
143.9
143.91
143.92
143.93
143.94
143.95
143.96
143.97
143.98
143.98999999999998
144.0
144.01
144.01999999999998
144.03
144.04
144.04999999999998
144.06
144.07
144.07999999999998
144.09
144.1
144.10999999999999
144.12
144.13
144.14
144.15
144.16
144.17
144.18
144.19
144.2
144.21
144.22
144.23
144.23999999999998
144.25
144.26
144.26999999999998
144.28
144.29
144.29999999999998
144.31
144.32
144.32999999999998
144.34
144.35
144.35999999999999
144.37
144.38
144.39
144.4
144.41
144.42
144.43
144.44
144.45
144.46
144.47
144.48
144.48999999999998
144.5
144.51
144.51999999999998
144.53
144.54
144.54999999999998
144.56
144.57
144.57999999999998
144.59
144.6
144.60999999999999
144.62
144.63
144.64
144.65
144.66
144.67
144.68
144.69
144.7
144.71
144.72
144.73
144.73999999999998
144.75
144.76
144.76999999999998
144.78
144.79
144.79999999999998
144.81
144.82
144.82999999999998
144.84
144.85
144.85999999999999
144.87
144.88
144.89
144.9
144.91
144.92
144.93
144.94
144.95
144.96
144.97
144.98
144.98999999999998
145.0
145.01
145.01999999999998
145.03
145.04
145.04999999999998
145.06
145.07
145.07999999999998
145.09
145.1
145.10999999999999
145.12
145.13
145.14
145.15
145.16
145.17
145.18
145.19
145.2
145.21
145.22
145.23
145.23999999999998
145.25
145.26
145.26999999999998
145.28
145.29
145.29999999999998
145.31
145.32
145.32999999999998
145.34
145.35
145.35999999999999
145.37
145.38
145.39
145.4
145.41
145.42
145.43
145.44
145.45
145.46
145.47
145.48
145.48999999999998
145.5
145.51
145.51999999999998
145.53
145.54
145.54999999999998
145.56
145.57
145.57999999999998
145.59
145.6
145.60999999999999
145.62
145.63
145.64
145.65
145.66
145.67
145.68
145.69
145.7
145.71
145.72
145.73
145.73999999999998
145.75
145.76
145.76999999999998
145.78
145.79
145.79999999999998
145.81
145.82
145.82999999999998
145.84
145.85
145.85999999999999
145.87
145.88
145.89
145.9
145.91
145.92
145.93
145.94
145.95
145.96
145.97
145.98
145.98999999999998
146.0
146.01
146.01999999999998
146.03
146.04
146.04999999999998
146.06
146.07
146.07999999999998
146.09
146.1
146.10999999999999
146.12
146.13
146.14
146.15
146.16
146.17
146.18
146.19
146.2
146.21
146.22
146.23
146.23999999999998
146.25
146.26
146.26999999999998
146.28
146.29
146.29999999999998
146.31
146.32
146.32999999999998
146.34
146.35
146.35999999999999
146.37
146.38
146.39
146.4
146.41
146.42
146.43
146.44
146.45
146.46
146.47
146.48
146.48999999999998
146.5
146.51
146.51999999999998
146.53
146.54
146.54999999999998
146.56
146.57
146.57999999999998
146.59
146.6
146.60999999999999
146.62
146.63
146.64
146.65
146.66
146.67
146.68
146.69
146.7
146.71
146.72
146.73
146.73999999999998
146.75
146.76
146.76999999999998
146.78
146.79
146.79999999999998
146.81
146.82
146.82999999999998
146.84
146.85
146.85999999999999
146.87
146.88
146.89
146.9
146.91
146.92
146.93
146.94
146.95
146.96
146.97
146.98
146.98999999999998
147.0
147.01
147.01999999999998
147.03
147.04
147.04999999999998
147.06
147.07
147.07999999999998
147.09
147.1
147.10999999999999
147.12
147.13
147.14
147.15
147.16
147.17
147.18
147.19
147.2
147.21
147.22
147.23
147.23999999999998
147.25
147.26
147.26999999999998
147.28
147.29
147.29999999999998
147.31
147.32
147.32999999999998
147.34
147.35
147.35999999999999
147.37
147.38
147.39
147.4
147.41
147.42
147.43
147.44
147.45
147.46
147.47
147.48
147.48999999999998
147.5
147.51
147.51999999999998
147.53
147.54
147.54999999999998
147.56
147.57
147.57999999999998
147.59
147.6
147.60999999999999
147.62
147.63
147.64
147.65
147.66
147.67
147.68
147.69
147.7
147.71
147.72
147.73
147.73999999999998
147.75
147.76
147.76999999999998
147.78
147.79
147.79999999999998
147.81
147.82
147.82999999999998
147.84
147.85
147.85999999999999
147.87
147.88
147.89
147.9
147.91
147.92
147.93
147.94
147.95
147.96
147.97
147.98
147.98999999999998
148.0
148.01
148.01999999999998
148.03
148.04
148.04999999999998
148.06
148.07
148.07999999999998
148.09
148.1
148.10999999999999
148.12
148.13
148.14
148.15
148.16
148.17
148.18
148.19
148.2
148.21
148.22
148.23
148.23999999999998
148.25
148.26
148.26999999999998
148.28
148.29
148.29999999999998
148.31
148.32
148.32999999999998
148.34
148.35
148.35999999999999
148.37
148.38
148.39
148.4
148.41
148.42
148.43
148.44
148.45
148.46
148.47
148.48
148.48999999999998
148.5
148.51
148.51999999999998
148.53
148.54
148.54999999999998
148.56
148.57
148.57999999999998
148.59
148.6
148.60999999999999
148.62
148.63
148.64
148.65
148.66
148.67
148.68
148.69
148.7
148.71
148.72
148.73
148.73999999999998
148.75
148.76
148.76999999999998
148.78
148.79
148.79999999999998
148.81
148.82
148.82999999999998
148.84
148.85
148.85999999999999
148.87
148.88
148.89
148.9
148.91
148.92
148.93
148.94
148.95
148.96
148.97
148.98
148.98999999999998
149.0
149.01
149.01999999999998
149.03
149.04
149.04999999999998
149.06
149.07
149.07999999999998
149.09
149.1
149.10999999999999
149.12
149.13
149.14
149.15
149.16
149.17
149.18
149.19
149.2
149.21
149.22
149.23
149.23999999999998
149.25
149.26
149.26999999999998
149.28
149.29
149.29999999999998
149.31
149.32
149.32999999999998
149.34
149.35
149.35999999999999
149.37
149.38
149.39
149.4
149.41
149.42
149.43
149.44
149.45
149.46
149.47
149.48
149.48999999999998
149.5
149.51
149.51999999999998
149.53
149.54
149.54999999999998
149.56
149.57
149.57999999999998
149.59
149.6
149.60999999999999
149.62
149.63
149.64
149.65
149.66
149.67
149.68
149.69
149.7
149.71
149.72
149.73
149.73999999999998
149.75
149.76
149.76999999999998
149.78
149.79
149.79999999999998
149.81
149.82
149.82999999999998
149.84
149.85
149.85999999999999
149.87
149.88
149.89
149.9
149.91
149.92
149.93
149.94
149.95
149.96
149.97
149.98
149.98999999999998
150.0
150.01
150.01999999999998
150.03
150.04
150.04999999999998
150.06
150.07
150.07999999999998
150.09
150.1
150.10999999999999
150.12
150.13
150.14
150.15
150.16
150.17
150.18
150.19
150.2
150.21
150.22
150.23
150.23999999999998
150.25
150.26
150.26999999999998
150.28
150.29
150.29999999999998
150.31
150.32
150.32999999999998
150.34
150.35
150.35999999999999
150.37
150.38
150.39
150.4
150.41
150.42
150.43
150.44
150.45
150.46
150.47
150.48
150.48999999999998
150.5
150.51
150.51999999999998
150.53
150.54
150.54999999999998
150.56
150.57
150.57999999999998
150.59
150.6
150.60999999999999
150.62
150.63
150.64
150.65
150.66
150.67
150.68
150.69
150.7
150.71
150.72
150.73
150.73999999999998
150.75
150.76
150.76999999999998
150.78
150.79
150.79999999999998
150.81
150.82
150.82999999999998
150.84
150.85
150.85999999999999
150.87
150.88
150.89
150.9
150.91
150.92
150.93
150.94
150.95
150.96
150.97
150.98
150.98999999999998
151.0
151.01
151.01999999999998
151.03
151.04
151.04999999999998
151.06
151.07
151.07999999999998
151.09
151.1
151.10999999999999
151.12
151.13
151.14
151.15
151.16
151.17
151.18
151.19
151.2
151.21
151.22
151.23
151.23999999999998
151.25
151.26
151.26999999999998
151.28
151.29
151.29999999999998
151.31
151.32
151.32999999999998
151.34
151.35
151.35999999999999
151.37
151.38
151.39
151.4
151.41
151.42
151.43
151.44
151.45
151.46
151.47
151.48
151.48999999999998
151.5
151.51
151.51999999999998
151.53
151.54
151.54999999999998
151.56
151.57
151.57999999999998
151.59
151.6
151.60999999999999
151.62
151.63
151.64
151.65
151.66
151.67
151.68
151.69
151.7
151.71
151.72
151.73
151.73999999999998
151.75
151.76
151.76999999999998
151.78
151.79
151.79999999999998
151.81
151.82
151.82999999999998
151.84
151.85
151.85999999999999
151.87
151.88
151.89
151.9
151.91
151.92
151.93
151.94
151.95
151.96
151.97
151.98
151.98999999999998
152.0
152.01
152.01999999999998
152.03
152.04
152.04999999999998
152.06
152.07
152.07999999999998
152.09
152.1
152.10999999999999
152.12
152.13
152.14
152.15
152.16
152.17
152.18
152.19
152.2
152.21
152.22
152.23
152.23999999999998
152.25
152.26
152.26999999999998
152.28
152.29
152.29999999999998
152.31
152.32
152.32999999999998
152.34
152.35
152.35999999999999
152.37
152.38
152.39
152.4
152.41
152.42
152.43
152.44
152.45
152.46
152.47
152.48
152.48999999999998
152.5
152.51
152.51999999999998
152.53
152.54
152.54999999999998
152.56
152.57
152.57999999999998
152.59
152.6
152.60999999999999
152.62
152.63
152.64
152.65
152.66
152.67
152.68
152.69
152.7
152.71
152.72
152.73
152.73999999999998
152.75
152.76
152.76999999999998
152.78
152.79
152.79999999999998
152.81
152.82
152.82999999999998
152.84
152.85
152.85999999999999
152.87
152.88
152.89
152.9
152.91
152.92
152.93
152.94
152.95
152.96
152.97
152.98
152.98999999999998
153.0
153.01
153.01999999999998
153.03
153.04
153.04999999999998
153.06
153.07
153.07999999999998
153.09
153.1
153.10999999999999
153.12
153.13
153.14
153.15
153.16
153.17
153.18
153.19
153.2
153.21
153.22
153.23
153.23999999999998
153.25
153.26
153.26999999999998
153.28
153.29
153.29999999999998
153.31
153.32
153.32999999999998
153.34
153.35
153.35999999999999
153.37
153.38
153.39
153.4
153.41
153.42
153.43
153.44
153.45
153.46
153.47
153.48
153.48999999999998
153.5
153.51
153.51999999999998
153.53
153.54
153.54999999999998
153.56
153.57
153.57999999999998
153.59
153.6
153.60999999999999
153.62
153.63
153.64
153.65
153.66
153.67
153.68
153.69
153.7
153.71
153.72
153.73
153.73999999999998
153.75
153.76
153.76999999999998
153.78
153.79
153.79999999999998
153.81
153.82
153.82999999999998
153.84
153.85
153.85999999999999
153.87
153.88
153.89
153.9
153.91
153.92
153.93
153.94
153.95
153.96
153.97
153.98
153.98999999999998
154.0
154.01
154.01999999999998
154.03
154.04
154.04999999999998
154.06
154.07
154.07999999999998
154.09
154.1
154.10999999999999
154.12
154.13
154.14
154.15
154.16
154.17
154.18
154.19
154.2
154.21
154.22
154.23
154.23999999999998
154.25
154.26
154.26999999999998
154.28
154.29
154.29999999999998
154.31
154.32
154.32999999999998
154.34
154.35
154.35999999999999
154.37
154.38
154.39
154.4
154.41
154.42
154.43
154.44
154.45
154.46
154.47
154.48
154.48999999999998
154.5
154.51
154.51999999999998
154.53
154.54
154.54999999999998
154.56
154.57
154.57999999999998
154.59
154.6
154.60999999999999
154.62
154.63
154.64
154.65
154.66
154.67
154.68
154.69
154.7
154.71
154.72
154.73
154.73999999999998
154.75
154.76
154.76999999999998
154.78
154.79
154.79999999999998
154.81
154.82
154.82999999999998
154.84
154.85
154.85999999999999
154.87
154.88
154.89
154.9
154.91
154.92
154.93
154.94
154.95
154.96
154.97
154.98
154.98999999999998
155.0
155.01
155.01999999999998
155.03
155.04
155.04999999999998
155.06
155.07
155.07999999999998
155.09
155.1
155.10999999999999
155.12
155.13
155.14
155.15
155.16
155.17
155.18
155.19
155.2
155.21
155.22
155.23
155.23999999999998
155.25
155.26
155.26999999999998
155.28
155.29
155.29999999999998
155.31
155.32
155.32999999999998
155.34
155.35
155.35999999999999
155.37
155.38
155.39
155.4
155.41
155.42
155.43
155.44
155.45
155.46
155.47
155.48
155.48999999999998
155.5
155.51
155.51999999999998
155.53
155.54
155.54999999999998
155.56
155.57
155.57999999999998
155.59
155.6
155.60999999999999
155.62
155.63
155.64
155.65
155.66
155.67
155.68
155.69
155.7
155.71
155.72
155.73
155.73999999999998
155.75
155.76
155.76999999999998
155.78
155.79
155.79999999999998
155.81
155.82
155.82999999999998
155.84
155.85
155.85999999999999
155.87
155.88
155.89
155.9
155.91
155.92
155.93
155.94
155.95
155.96
155.97
155.98
155.98999999999998
156.0
156.01
156.01999999999998
156.03
156.04
156.04999999999998
156.06
156.07
156.07999999999998
156.09
156.1
156.10999999999999
156.12
156.13
156.14
156.15
156.16
156.17
156.18
156.19
156.2
156.21
156.22
156.23
156.23999999999998
156.25
156.26
156.26999999999998
156.28
156.29
156.29999999999998
156.31
156.32
156.32999999999998
156.34
156.35
156.35999999999999
156.37
156.38
156.39
156.4
156.41
156.42
156.43
156.44
156.45
156.46
156.47
156.48
156.48999999999998
156.5
156.51
156.51999999999998
156.53
156.54
156.54999999999998
156.56
156.57
156.57999999999998
156.59
156.6
156.60999999999999
156.62
156.63
156.64
156.65
156.66
156.67
156.68
156.69
156.7
156.71
156.72
156.73
156.73999999999998
156.75
156.76
156.76999999999998
156.78
156.79
156.79999999999998
156.81
156.82
156.82999999999998
156.84
156.85
156.85999999999999
156.87
156.88
156.89
156.9
156.91
156.92
156.93
156.94
156.95
156.96
156.97
156.98
156.98999999999998
157.0
157.01
157.01999999999998
157.03
157.04
157.04999999999998
157.06
157.07
157.07999999999998
157.09
157.1
157.10999999999999
157.12
157.13
157.14
157.15
157.16
157.17
157.18
157.19
157.2
157.21
157.22
157.23
157.23999999999998
157.25
157.26
157.26999999999998
157.28
157.29
157.29999999999998
157.31
157.32
157.32999999999998
157.34
157.35
157.35999999999999
157.37
157.38
157.39
157.4
157.41
157.42
157.43
157.44
157.45
157.46
157.47
157.48
157.48999999999998
157.5
157.51
157.51999999999998
157.53
157.54
157.54999999999998
157.56
157.57
157.57999999999998
157.59
157.6
157.60999999999999
157.62
157.63
157.64
157.65
157.66
157.67
157.68
157.69
157.7
157.71
157.72
157.73
157.73999999999998
157.75
157.76
157.76999999999998
157.78
157.79
157.79999999999998
157.81
157.82
157.82999999999998
157.84
157.85
157.85999999999999
157.87
157.88
157.89
157.9
157.91
157.92
157.93
157.94
157.95
157.96
157.97
157.98
157.98999999999998
158.0
158.01
158.01999999999998
158.03
158.04
158.04999999999998
158.06
158.07
158.07999999999998
158.09
158.1
158.10999999999999
158.12
158.13
158.14
158.15
158.16
158.17
158.18
158.19
158.2
158.21
158.22
158.23
158.23999999999998
158.25
158.26
158.26999999999998
158.28
158.29
158.29999999999998
158.31
158.32
158.32999999999998
158.34
158.35
158.35999999999999
158.37
158.38
158.39
158.4
158.41
158.42
158.43
158.44
158.45
158.46
158.47
158.48
158.48999999999998
158.5
158.51
158.51999999999998
158.53
158.54
158.54999999999998
158.56
158.57
158.57999999999998
158.59
158.6
158.60999999999999
158.62
158.63
158.64
158.65
158.66
158.67
158.68
158.69
158.7
158.71
158.72
158.73
158.73999999999998
158.75
158.76
158.76999999999998
158.78
158.79
158.79999999999998
158.81
158.82
158.82999999999998
158.84
158.85
158.85999999999999
158.87
158.88
158.89
158.9
158.91
158.92
158.93
158.94
158.95
158.96
158.97
158.98
158.98999999999998
159.0
159.01
159.01999999999998
159.03
159.04
159.04999999999998
159.06
159.07
159.07999999999998
159.09
159.1
159.10999999999999
159.12
159.13
159.14
159.15
159.16
159.17
159.18
159.19
159.2
159.21
159.22
159.23
159.23999999999998
159.25
159.26
159.26999999999998
159.28
159.29
159.29999999999998
159.31
159.32
159.32999999999998
159.34
159.35
159.35999999999999
159.37
159.38
159.39
159.4
159.41
159.42
159.43
159.44
159.45
159.46
159.47
159.48
159.48999999999998
159.5
159.51
159.51999999999998
159.53
159.54
159.54999999999998
159.56
159.57
159.57999999999998
159.59
159.6
159.60999999999999
159.62
159.63
159.64
159.65
159.66
159.67
159.68
159.69
159.7
159.71
159.72
159.73
159.73999999999998
159.75
159.76
159.76999999999998
159.78
159.79
159.79999999999998
159.81
159.82
159.82999999999998
159.84
159.85
159.85999999999999
159.87
159.88
159.89
159.9
159.91
159.92
159.93
159.94
159.95
159.96
159.97
159.98
159.98999999999998
160.0
160.01
160.01999999999998
160.03
160.04
160.04999999999998
160.06
160.07
160.07999999999998
160.09
160.1
160.10999999999999
160.12
160.13
160.14
160.15
160.16
160.17
160.18
160.19
160.2
160.21
160.22
160.23
160.23999999999998
160.25
160.26
160.26999999999998
160.28
160.29
160.29999999999998
160.31
160.32
160.32999999999998
160.34
160.35
160.35999999999999
160.37
160.38
160.39
160.4
160.41
160.42
160.43
160.44
160.45
160.46
160.47
160.48
160.48999999999998
160.5
160.51
160.51999999999998
160.53
160.54
160.54999999999998
160.56
160.57
160.57999999999998
160.59
160.6
160.60999999999999
160.62
160.63
160.64
160.65
160.66
160.67
160.68
160.69
160.7
160.71
160.72
160.73
160.73999999999998
160.75
160.76
160.76999999999998
160.78
160.79
160.79999999999998
160.81
160.82
160.82999999999998
160.84
160.85
160.85999999999999
160.87
160.88
160.89
160.9
160.91
160.92
160.93
160.94
160.95
160.96
160.97
160.98
160.98999999999998
161.0
161.01
161.01999999999998
161.03
161.04
161.04999999999998
161.06
161.07
161.07999999999998
161.09
161.1
161.10999999999999
161.12
161.13
161.14
161.15
161.16
161.17
161.18
161.19
161.2
161.21
161.22
161.23
161.23999999999998
161.25
161.26
161.26999999999998
161.28
161.29
161.29999999999998
161.31
161.32
161.32999999999998
161.34
161.35
161.35999999999999
161.37
161.38
161.39
161.4
161.41
161.42
161.43
161.44
161.45
161.46
161.47
161.48
161.48999999999998
161.5
161.51
161.51999999999998
161.53
161.54
161.54999999999998
161.56
161.57
161.57999999999998
161.59
161.6
161.60999999999999
161.62
161.63
161.64
161.65
161.66
161.67
161.68
161.69
161.7
161.71
161.72
161.73
161.73999999999998
161.75
161.76
161.76999999999998
161.78
161.79
161.79999999999998
161.81
161.82
161.82999999999998
161.84
161.85
161.85999999999999
161.87
161.88
161.89
161.9
161.91
161.92
161.93
161.94
161.95
161.96
161.97
161.98
161.98999999999998
162.0
162.01
162.01999999999998
162.03
162.04
162.04999999999998
162.06
162.07
162.07999999999998
162.09
162.1
162.10999999999999
162.12
162.13
162.14
162.15
162.16
162.17
162.18
162.19
162.2
162.21
162.22
162.23
162.23999999999998
162.25
162.26
162.26999999999998
162.28
162.29
162.29999999999998
162.31
162.32
162.32999999999998
162.34
162.35
162.35999999999999
162.37
162.38
162.39
162.4
162.41
162.42
162.43
162.44
162.45
162.46
162.47
162.48
162.48999999999998
162.5
162.51
162.51999999999998
162.53
162.54
162.54999999999998
162.56
162.57
162.57999999999998
162.59
162.6
162.60999999999999
162.62
162.63
162.64
162.65
162.66
162.67
162.68
162.69
162.7
162.71
162.72
162.73
162.73999999999998
162.75
162.76
162.76999999999998
162.78
162.79
162.79999999999998
162.81
162.82
162.82999999999998
162.84
162.85
162.85999999999999
162.87
162.88
162.89
162.9
162.91
162.92
162.93
162.94
162.95
162.96
162.97
162.98
162.98999999999998
163.0
163.01
163.01999999999998
163.03
163.04
163.04999999999998
163.06
163.07
163.07999999999998
163.09
163.1
163.10999999999999
163.12
163.13
163.14
163.15
163.16
163.17
163.18
163.19
163.2
163.21
163.22
163.23
163.23999999999998
163.25
163.26
163.26999999999998
163.28
163.29
163.29999999999998
163.31
163.32
163.32999999999998
163.34
163.35
163.35999999999999
163.37
163.38
163.39
163.4
163.41
163.42
163.43
163.44
163.45
163.46
163.47
163.48
163.48999999999998
163.5
163.51
163.51999999999998
163.53
163.54
163.54999999999998
163.56
163.57
163.57999999999998
163.59
163.6
163.60999999999999
163.62
163.63
163.64
163.65
163.66
163.67
163.68
163.69
163.7
163.71
163.72
163.73
163.73999999999998
163.75
163.76
163.76999999999998
163.78
163.79
163.79999999999998
163.81
163.82
163.82999999999998
163.84
163.85
163.85999999999999
163.87
163.88
163.89
163.9
163.91
163.92
163.93
163.94
163.95
163.96
163.97
163.98
163.98999999999998
164.0
164.01
164.01999999999998
164.03
164.04
164.04999999999998
164.06
164.07
164.07999999999998
164.09
164.1
164.10999999999999
164.12
164.13
164.14
164.15
164.16
164.17
164.18
164.19
164.2
164.21
164.22
164.23
164.23999999999998
164.25
164.26
164.26999999999998
164.28
164.29
164.29999999999998
164.31
164.32
164.32999999999998
164.34
164.35
164.35999999999999
164.37
164.38
164.39
164.4
164.41
164.42
164.43
164.44
164.45
164.46
164.47
164.48
164.48999999999998
164.5
164.51
164.51999999999998
164.53
164.54
164.54999999999998
164.56
164.57
164.57999999999998
164.59
164.6
164.60999999999999
164.62
164.63
164.64
164.65
164.66
164.67
164.68
164.69
164.7
164.71
164.72
164.73
164.73999999999998
164.75
164.76
164.76999999999998
164.78
164.79
164.79999999999998
164.81
164.82
164.82999999999998
164.84
164.85
164.85999999999999
164.87
164.88
164.89
164.9
164.91
164.92
164.93
164.94
164.95
164.96
164.97
164.98
164.98999999999998
165.0
165.01
165.01999999999998
165.03
165.04
165.04999999999998
165.06
165.07
165.07999999999998
165.09
165.1
165.10999999999999
165.12
165.13
165.14
165.15
165.16
165.17
165.18
165.19
165.2
165.21
165.22
165.23
165.23999999999998
165.25
165.26
165.26999999999998
165.28
165.29
165.29999999999998
165.31
165.32
165.32999999999998
165.34
165.35
165.35999999999999
165.37
165.38
165.39
165.4
165.41
165.42
165.43
165.44
165.45
165.46
165.47
165.48
165.48999999999998
165.5
165.51
165.51999999999998
165.53
165.54
165.54999999999998
165.56
165.57
165.57999999999998
165.59
165.6
165.60999999999999
165.62
165.63
165.64
165.65
165.66
165.67
165.68
165.69
165.7
165.71
165.72
165.73
165.73999999999998
165.75
165.76
165.76999999999998
165.78
165.79
165.79999999999998
165.81
165.82
165.82999999999998
165.84
165.85
165.85999999999999
165.87
165.88
165.89
165.9
165.91
165.92
165.93
165.94
165.95
165.96
165.97
165.98
165.98999999999998
166.0
166.01
166.01999999999998
166.03
166.04
166.04999999999998
166.06
166.07
166.07999999999998
166.09
166.1
166.10999999999999
166.12
166.13
166.14
166.15
166.16
166.17
166.18
166.19
166.2
166.21
166.22
166.23
166.23999999999998
166.25
166.26
166.26999999999998
166.28
166.29
166.29999999999998
166.31
166.32
166.32999999999998
166.34
166.35
166.35999999999999
166.37
166.38
166.39
166.4
166.41
166.42
166.43
166.44
166.45
166.46
166.47
166.48
166.48999999999998
166.5
166.51
166.51999999999998
166.53
166.54
166.54999999999998
166.56
166.57
166.57999999999998
166.59
166.6
166.60999999999999
166.62
166.63
166.64
166.65
166.66
166.67
166.68
166.69
166.7
166.71
166.72
166.73
166.73999999999998
166.75
166.76
166.76999999999998
166.78
166.79
166.79999999999998
166.81
166.82
166.82999999999998
166.84
166.85
166.85999999999999
166.87
166.88
166.89
166.9
166.91
166.92
166.93
166.94
166.95
166.96
166.97
166.98
166.98999999999998
167.0
167.01
167.01999999999998
167.03
167.04
167.04999999999998
167.06
167.07
167.07999999999998
167.09
167.1
167.10999999999999
167.12
167.13
167.14
167.15
167.16
167.17
167.18
167.19
167.2
167.21
167.22
167.23
167.23999999999998
167.25
167.26
167.26999999999998
167.28
167.29
167.29999999999998
167.31
167.32
167.32999999999998
167.34
167.35
167.35999999999999
167.37
167.38
167.39
167.4
167.41
167.42
167.43
167.44
167.45
167.46
167.47
167.48
167.48999999999998
167.5
167.51
167.51999999999998
167.53
167.54
167.54999999999998
167.56
167.57
167.57999999999998
167.59
167.6
167.60999999999999
167.62
167.63
167.64
167.65
167.66
167.67
167.68
167.69
167.7
167.71
167.72
167.73
167.73999999999998
167.75
167.76
167.76999999999998
167.78
167.79
167.79999999999998
167.81
167.82
167.82999999999998
167.84
167.85
167.85999999999999
167.87
167.88
167.89
167.9
167.91
167.92
167.93
167.94
167.95
167.96
167.97
167.98
167.98999999999998
168.0
168.01
168.01999999999998
168.03
168.04
168.04999999999998
168.06
168.07
168.07999999999998
168.09
168.1
168.10999999999999
168.12
168.13
168.14
168.15
168.16
168.17
168.18
168.19
168.2
168.21
168.22
168.23
168.23999999999998
168.25
168.26
168.26999999999998
168.28
168.29
168.29999999999998
168.31
168.32
168.32999999999998
168.34
168.35
168.35999999999999
168.37
168.38
168.39
168.4
168.41
168.42
168.43
168.44
168.45
168.46
168.47
168.48
168.48999999999998
168.5
168.51
168.51999999999998
168.53
168.54
168.54999999999998
168.56
168.57
168.57999999999998
168.59
168.6
168.60999999999999
168.62
168.63
168.64
168.65
168.66
168.67
168.68
168.69
168.7
168.71
168.72
168.73
168.73999999999998
168.75
168.76
168.76999999999998
168.78
168.79
168.79999999999998
168.81
168.82
168.82999999999998
168.84
168.85
168.85999999999999
168.87
168.88
168.89
168.9
168.91
168.92
168.93
168.94
168.95
168.96
168.97
168.98
168.98999999999998
169.0
169.01
169.01999999999998
169.03
169.04
169.04999999999998
169.06
169.07
169.07999999999998
169.09
169.1
169.10999999999999
169.12
169.13
169.14
169.15
169.16
169.17
169.18
169.19
169.2
169.21
169.22
169.23
169.23999999999998
169.25
169.26
169.26999999999998
169.28
169.29
169.29999999999998
169.31
169.32
169.32999999999998
169.34
169.35
169.35999999999999
169.37
169.38
169.39
169.4
169.41
169.42
169.43
169.44
169.45
169.46
169.47
169.48
169.48999999999998
169.5
169.51
169.51999999999998
169.53
169.54
169.54999999999998
169.56
169.57
169.57999999999998
169.59
169.6
169.60999999999999
169.62
169.63
169.64
169.65
169.66
169.67
169.68
169.69
169.7
169.71
169.72
169.73
169.73999999999998
169.75
169.76
169.76999999999998
169.78
169.79
169.79999999999998
169.81
169.82
169.82999999999998
169.84
169.85
169.85999999999999
169.87
169.88
169.89
169.9
169.91
169.92
169.93
169.94
169.95
169.96
169.97
169.98
169.98999999999998
170.0
170.01
170.01999999999998
170.03
170.04
170.04999999999998
170.06
170.07
170.07999999999998
170.09
170.1
170.10999999999999
170.12
170.13
170.14
170.15
170.16
170.17
170.18
170.19
170.2
170.21
170.22
170.23
170.23999999999998
170.25
170.26
170.26999999999998
170.28
170.29
170.29999999999998
170.31
170.32
170.32999999999998
170.34
170.35
170.35999999999999
170.37
170.38
170.39
170.4
170.41
170.42
170.43
170.44
170.45
170.46
170.47
170.48
170.48999999999998
170.5
170.51
170.51999999999998
170.53
170.54
170.54999999999998
170.56
170.57
170.57999999999998
170.59
170.6
170.60999999999999
170.62
170.63
170.64
170.65
170.66
170.67
170.68
170.69
170.7
170.71
170.72
170.73
170.73999999999998
170.75
170.76
170.76999999999998
170.78
170.79
170.79999999999998
170.81
170.82
170.82999999999998
170.84
170.85
170.85999999999999
170.87
170.88
170.89
170.9
170.91
170.92
170.93
170.94
170.95
170.96
170.97
170.98
170.98999999999998
171.0
171.01
171.01999999999998
171.03
171.04
171.04999999999998
171.06
171.07
171.07999999999998
171.09
171.1
171.10999999999999
171.12
171.13
171.14
171.15
171.16
171.17
171.18
171.19
171.2
171.21
171.22
171.23
171.23999999999998
171.25
171.26
171.26999999999998
171.28
171.29
171.29999999999998
171.31
171.32
171.32999999999998
171.34
171.35
171.35999999999999
171.37
171.38
171.39
171.4
171.41
171.42
171.43
171.44
171.45
171.46
171.47
171.48
171.48999999999998
171.5
171.51
171.51999999999998
171.53
171.54
171.54999999999998
171.56
171.57
171.57999999999998
171.59
171.6
171.60999999999999
171.62
171.63
171.64
171.65
171.66
171.67
171.68
171.69
171.7
171.71
171.72
171.73
171.73999999999998
171.75
171.76
171.76999999999998
171.78
171.79
171.79999999999998
171.81
171.82
171.82999999999998
171.84
171.85
171.85999999999999
171.87
171.88
171.89
171.9
171.91
171.92
171.93
171.94
171.95
171.96
171.97
171.98
171.98999999999998
172.0
172.01
172.01999999999998
172.03
172.04
172.04999999999998
172.06
172.07
172.07999999999998
172.09
172.1
172.10999999999999
172.12
172.13
172.14
172.15
172.16
172.17
172.18
172.19
172.2
172.21
172.22
172.23
172.23999999999998
172.25
172.26
172.26999999999998
172.28
172.29
172.29999999999998
172.31
172.32
172.32999999999998
172.34
172.35
172.35999999999999
172.37
172.38
172.39
172.4
172.41
172.42
172.43
172.44
172.45
172.46
172.47
172.48
172.48999999999998
172.5
172.51
172.51999999999998
172.53
172.54
172.54999999999998
172.56
172.57
172.57999999999998
172.59
172.6
172.60999999999999
172.62
172.63
172.64
172.65
172.66
172.67
172.68
172.69
172.7
172.71
172.72
172.73
172.73999999999998
172.75
172.76
172.76999999999998
172.78
172.79
172.79999999999998
172.81
172.82
172.82999999999998
172.84
172.85
172.85999999999999
172.87
172.88
172.89
172.9
172.91
172.92
172.93
172.94
172.95
172.96
172.97
172.98
172.98999999999998
173.0
173.01
173.01999999999998
173.03
173.04
173.04999999999998
173.06
173.07
173.07999999999998
173.09
173.1
173.10999999999999
173.12
173.13
173.14
173.15
173.16
173.17
173.18
173.19
173.2
173.21
173.22
173.23
173.23999999999998
173.25
173.26
173.26999999999998
173.28
173.29
173.29999999999998
173.31
173.32
173.32999999999998
173.34
173.35
173.35999999999999
173.37
173.38
173.39
173.4
173.41
173.42
173.43
173.44
173.45
173.46
173.47
173.48
173.48999999999998
173.5
173.51
173.51999999999998
173.53
173.54
173.54999999999998
173.56
173.57
173.57999999999998
173.59
173.6
173.60999999999999
173.62
173.63
173.64
173.65
173.66
173.67
173.68
173.69
173.7
173.71
173.72
173.73
173.73999999999998
173.75
173.76
173.76999999999998
173.78
173.79
173.79999999999998
173.81
173.82
173.82999999999998
173.84
173.85
173.85999999999999
173.87
173.88
173.89
173.9
173.91
173.92
173.93
173.94
173.95
173.96
173.97
173.98
173.98999999999998
174.0
174.01
174.01999999999998
174.03
174.04
174.04999999999998
174.06
174.07
174.07999999999998
174.09
174.1
174.10999999999999
174.12
174.13
174.14
174.15
174.16
174.17
174.18
174.19
174.2
174.21
174.22
174.23
174.23999999999998
174.25
174.26
174.26999999999998
174.28
174.29
174.29999999999998
174.31
174.32
174.32999999999998
174.34
174.35
174.35999999999999
174.37
174.38
174.39
174.4
174.41
174.42
174.43
174.44
174.45
174.46
174.47
174.48
174.48999999999998
174.5
174.51
174.51999999999998
174.53
174.54
174.54999999999998
174.56
174.57
174.57999999999998
174.59
174.6
174.60999999999999
174.62
174.63
174.64
174.65
174.66
174.67
174.68
174.69
174.7
174.71
174.72
174.73
174.73999999999998
174.75
174.76
174.76999999999998
174.78
174.79
174.79999999999998
174.81
174.82
174.82999999999998
174.84
174.85
174.85999999999999
174.87
174.88
174.89
174.9
174.91
174.92
174.93
174.94
174.95
174.96
174.97
174.98
174.98999999999998
175.0
175.01
175.01999999999998
175.03
175.04
175.04999999999998
175.06
175.07
175.07999999999998
175.09
175.1
175.10999999999999
175.12
175.13
175.14
175.15
175.16
175.17
175.18
175.19
175.2
175.21
175.22
175.23
175.23999999999998
175.25
175.26
175.26999999999998
175.28
175.29
175.29999999999998
175.31
175.32
175.32999999999998
175.34
175.35
175.35999999999999
175.37
175.38
175.39
175.4
175.41
175.42
175.43
175.44
175.45
175.46
175.47
175.48
175.48999999999998
175.5
175.51
175.51999999999998
175.53
175.54
175.54999999999998
175.56
175.57
175.57999999999998
175.59
175.6
175.60999999999999
175.62
175.63
175.64
175.65
175.66
175.67
175.68
175.69
175.7
175.71
175.72
175.73
175.73999999999998
175.75
175.76
175.76999999999998
175.78
175.79
175.79999999999998
175.81
175.82
175.82999999999998
175.84
175.85
175.85999999999999
175.87
175.88
175.89
175.9
175.91
175.92
175.93
175.94
175.95
175.96
175.97
175.98
175.98999999999998
176.0
176.01
176.01999999999998
176.03
176.04
176.04999999999998
176.06
176.07
176.07999999999998
176.09
176.1
176.10999999999999
176.12
176.13
176.14
176.15
176.16
176.17
176.18
176.19
176.2
176.21
176.22
176.23
176.23999999999998
176.25
176.26
176.26999999999998
176.28
176.29
176.29999999999998
176.31
176.32
176.32999999999998
176.34
176.35
176.35999999999999
176.37
176.38
176.39
176.4
176.41
176.42
176.43
176.44
176.45
176.46
176.47
176.48
176.48999999999998
176.5
176.51
176.51999999999998
176.53
176.54
176.54999999999998
176.56
176.57
176.57999999999998
176.59
176.6
176.60999999999999
176.62
176.63
176.64
176.65
176.66
176.67
176.68
176.69
176.7
176.71
176.72
176.73
176.73999999999998
176.75
176.76
176.76999999999998
176.78
176.79
176.79999999999998
176.81
176.82
176.82999999999998
176.84
176.85
176.85999999999999
176.87
176.88
176.89
176.9
176.91
176.92
176.93
176.94
176.95
176.96
176.97
176.98
176.98999999999998
177.0
177.01
177.01999999999998
177.03
177.04
177.04999999999998
177.06
177.07
177.07999999999998
177.09
177.1
177.10999999999999
177.12
177.13
177.14
177.15
177.16
177.17
177.18
177.19
177.2
177.21
177.22
177.23
177.23999999999998
177.25
177.26
177.26999999999998
177.28
177.29
177.29999999999998
177.31
177.32
177.32999999999998
177.34
177.35
177.35999999999999
177.37
177.38
177.39
177.4
177.41
177.42
177.43
177.44
177.45
177.46
177.47
177.48
177.48999999999998
177.5
177.51
177.51999999999998
177.53
177.54
177.54999999999998
177.56
177.57
177.57999999999998
177.59
177.6
177.60999999999999
177.62
177.63
177.64
177.65
177.66
177.67
177.68
177.69
177.7
177.71
177.72
177.73
177.73999999999998
177.75
177.76
177.76999999999998
177.78
177.79
177.79999999999998
177.81
177.82
177.82999999999998
177.84
177.85
177.85999999999999
177.87
177.88
177.89
177.9
177.91
177.92
177.93
177.94
177.95
177.96
177.97
177.98
177.98999999999998
178.0
178.01
178.01999999999998
178.03
178.04
178.04999999999998
178.06
178.07
178.07999999999998
178.09
178.1
178.10999999999999
178.12
178.13
178.14
178.15
178.16
178.17
178.18
178.19
178.2
178.21
178.22
178.23
178.23999999999998
178.25
178.26
178.26999999999998
178.28
178.29
178.29999999999998
178.31
178.32
178.32999999999998
178.34
178.35
178.35999999999999
178.37
178.38
178.39
178.4
178.41
178.42
178.43
178.44
178.45
178.46
178.47
178.48
178.48999999999998
178.5
178.51
178.51999999999998
178.53
178.54
178.54999999999998
178.56
178.57
178.57999999999998
178.59
178.6
178.60999999999999
178.62
178.63
178.64
178.65
178.66
178.67
178.68
178.69
178.7
178.71
178.72
178.73
178.73999999999998
178.75
178.76
178.76999999999998
178.78
178.79
178.79999999999998
178.81
178.82
178.82999999999998
178.84
178.85
178.85999999999999
178.87
178.88
178.89
178.9
178.91
178.92
178.93
178.94
178.95
178.96
178.97
178.98
178.98999999999998
179.0
179.01
179.01999999999998
179.03
179.04
179.04999999999998
179.06
179.07
179.07999999999998
179.09
179.1
179.10999999999999
179.12
179.13
179.14
179.15
179.16
179.17
179.18
179.19
179.2
179.21
179.22
179.23
179.23999999999998
179.25
179.26
179.26999999999998
179.28
179.29
179.29999999999998
179.31
179.32
179.32999999999998
179.34
179.35
179.35999999999999
179.37
179.38
179.39
179.4
179.41
179.42
179.43
179.44
179.45
179.46
179.47
179.48
179.48999999999998
179.5
179.51
179.51999999999998
179.53
179.54
179.54999999999998
179.56
179.57
179.57999999999998
179.59
179.6
179.60999999999999
179.62
179.63
179.64
179.65
179.66
179.67
179.68
179.69
179.7
179.71
179.72
179.73
179.73999999999998
179.75
179.76
179.76999999999998
179.78
179.79
179.79999999999998
179.81
179.82
179.82999999999998
179.84
179.85
179.85999999999999
179.87
179.88
179.89
179.9
179.91
179.92
179.93
179.94
179.95
179.96
179.97
179.98
179.98999999999998
180.0
180.01
180.01999999999998
180.03
180.04
180.04999999999998
180.06
180.07
180.07999999999998
180.09
180.1
180.10999999999999
180.12
180.13
180.14
180.15
180.16
180.17
180.18
180.19
180.2
180.21
180.22
180.23
180.23999999999998
180.25
180.26
180.26999999999998
180.28
180.29
180.29999999999998
180.31
180.32
180.32999999999998
180.34
180.35
180.35999999999999
180.37
180.38
180.39
180.4
180.41
180.42
180.43
180.44
180.45
180.46
180.47
180.48
180.48999999999998
180.5
180.51
180.51999999999998
180.53
180.54
180.54999999999998
180.56
180.57
180.57999999999998
180.59
180.6
180.60999999999999
180.62
180.63
180.64
180.65
180.66
180.67
180.68
180.69
180.7
180.71
180.72
180.73
180.73999999999998
180.75
180.76
180.76999999999998
180.78
180.79
180.79999999999998
180.81
180.82
180.82999999999998
180.84
180.85
180.85999999999999
180.87
180.88
180.89
180.9
180.91
180.92
180.93
180.94
180.95
180.96
180.97
180.98
180.98999999999998
181.0
181.01
181.01999999999998
181.03
181.04
181.04999999999998
181.06
181.07
181.07999999999998
181.09
181.1
181.10999999999999
181.12
181.13
181.14
181.15
181.16
181.17
181.18
181.19
181.2
181.21
181.22
181.23
181.23999999999998
181.25
181.26
181.26999999999998
181.28
181.29
181.29999999999998
181.31
181.32
181.32999999999998
181.34
181.35
181.35999999999999
181.37
181.38
181.39
181.4
181.41
181.42
181.43
181.44
181.45
181.46
181.47
181.48
181.48999999999998
181.5
181.51
181.51999999999998
181.53
181.54
181.54999999999998
181.56
181.57
181.57999999999998
181.59
181.6
181.60999999999999
181.62
181.63
181.64
181.65
181.66
181.67
181.68
181.69
181.7
181.71
181.72
181.73
181.73999999999998
181.75
181.76
181.76999999999998
181.78
181.79
181.79999999999998
181.81
181.82
181.82999999999998
181.84
181.85
181.85999999999999
181.87
181.88
181.89
181.9
181.91
181.92
181.93
181.94
181.95
181.96
181.97
181.98
181.98999999999998
182.0
182.01
182.01999999999998
182.03
182.04
182.04999999999998
182.06
182.07
182.07999999999998
182.09
182.1
182.10999999999999
182.12
182.13
182.14
182.15
182.16
182.17
182.18
182.19
182.2
182.21
182.22
182.23
182.23999999999998
182.25
182.26
182.26999999999998
182.28
182.29
182.29999999999998
182.31
182.32
182.32999999999998
182.34
182.35
182.35999999999999
182.37
182.38
182.39
182.4
182.41
182.42
182.43
182.44
182.45
182.46
182.47
182.48
182.48999999999998
182.5
182.51
182.51999999999998
182.53
182.54
182.54999999999998
182.56
182.57
182.57999999999998
182.59
182.6
182.60999999999999
182.62
182.63
182.64
182.65
182.66
182.67
182.68
182.69
182.7
182.71
182.72
182.73
182.73999999999998
182.75
182.76
182.76999999999998
182.78
182.79
182.79999999999998
182.81
182.82
182.82999999999998
182.84
182.85
182.85999999999999
182.87
182.88
182.89
182.9
182.91
182.92
182.93
182.94
182.95
182.96
182.97
182.98
182.98999999999998
183.0
183.01
183.01999999999998
183.03
183.04
183.04999999999998
183.06
183.07
183.07999999999998
183.09
183.1
183.10999999999999
183.12
183.13
183.14
183.15
183.16
183.17
183.18
183.19
183.2
183.21
183.22
183.23
183.23999999999998
183.25
183.26
183.26999999999998
183.28
183.29
183.29999999999998
183.31
183.32
183.32999999999998
183.34
183.35
183.35999999999999
183.37
183.38
183.39
183.4
183.41
183.42
183.43
183.44
183.45
183.46
183.47
183.48
183.48999999999998
183.5
183.51
183.51999999999998
183.53
183.54
183.54999999999998
183.56
183.57
183.57999999999998
183.59
183.6
183.60999999999999
183.62
183.63
183.64
183.65
183.66
183.67
183.68
183.69
183.7
183.71
183.72
183.73
183.73999999999998
183.75
183.76
183.76999999999998
183.78
183.79
183.79999999999998
183.81
183.82
183.82999999999998
183.84
183.85
183.85999999999999
183.87
183.88
183.89
183.9
183.91
183.92
183.93
183.94
183.95
183.96
183.97
183.98
183.98999999999998
184.0
184.01
184.01999999999998
184.03
184.04
184.04999999999998
184.06
184.07
184.07999999999998
184.09
184.1
184.10999999999999
184.12
184.13
184.14
184.15
184.16
184.17
184.18
184.19
184.2
184.21
184.22
184.23
184.23999999999998
184.25
184.26
184.26999999999998
184.28
184.29
184.29999999999998
184.31
184.32
184.32999999999998
184.34
184.35
184.35999999999999
184.37
184.38
184.39
184.4
184.41
184.42
184.43
184.44
184.45
184.46
184.47
184.48
184.48999999999998
184.5
184.51
184.51999999999998
184.53
184.54
184.54999999999998
184.56
184.57
184.57999999999998
184.59
184.6
184.60999999999999
184.62
184.63
184.64
184.65
184.66
184.67
184.68
184.69
184.7
184.71
184.72
184.73
184.73999999999998
184.75
184.76
184.76999999999998
184.78
184.79
184.79999999999998
184.81
184.82
184.82999999999998
184.84
184.85
184.85999999999999
184.87
184.88
184.89
184.9
184.91
184.92
184.93
184.94
184.95
184.96
184.97
184.98
184.98999999999998
185.0
185.01
185.01999999999998
185.03
185.04
185.04999999999998
185.06
185.07
185.07999999999998
185.09
185.1
185.10999999999999
185.12
185.13
185.14
185.15
185.16
185.17
185.18
185.19
185.2
185.21
185.22
185.23
185.23999999999998
185.25
185.26
185.26999999999998
185.28
185.29
185.29999999999998
185.31
185.32
185.32999999999998
185.34
185.35
185.35999999999999
185.37
185.38
185.39
185.4
185.41
185.42
185.43
185.44
185.45
185.46
185.47
185.48
185.48999999999998
185.5
185.51
185.51999999999998
185.53
185.54
185.54999999999998
185.56
185.57
185.57999999999998
185.59
185.6
185.60999999999999
185.62
185.63
185.64
185.65
185.66
185.67
185.68
185.69
185.7
185.71
185.72
185.73
185.73999999999998
185.75
185.76
185.76999999999998
185.78
185.79
185.79999999999998
185.81
185.82
185.82999999999998
185.84
185.85
185.85999999999999
185.87
185.88
185.89
185.9
185.91
185.92
185.93
185.94
185.95
185.96
185.97
185.98
185.98999999999998
186.0
186.01
186.01999999999998
186.03
186.04
186.04999999999998
186.06
186.07
186.07999999999998
186.09
186.1
186.10999999999999
186.12
186.13
186.14
186.15
186.16
186.17
186.18
186.19
186.2
186.21
186.22
186.23
186.23999999999998
186.25
186.26
186.26999999999998
186.28
186.29
186.29999999999998
186.31
186.32
186.32999999999998
186.34
186.35
186.35999999999999
186.37
186.38
186.39
186.4
186.41
186.42
186.43
186.44
186.45
186.46
186.47
186.48
186.48999999999998
186.5
186.51
186.51999999999998
186.53
186.54
186.54999999999998
186.56
186.57
186.57999999999998
186.59
186.6
186.60999999999999
186.62
186.63
186.64
186.65
186.66
186.67
186.68
186.69
186.7
186.71
186.72
186.73
186.73999999999998
186.75
186.76
186.76999999999998
186.78
186.79
186.79999999999998
186.81
186.82
186.82999999999998
186.84
186.85
186.85999999999999
186.87
186.88
186.89
186.9
186.91
186.92
186.93
186.94
186.95
186.96
186.97
186.98
186.98999999999998
187.0
187.01
187.01999999999998
187.03
187.04
187.04999999999998
187.06
187.07
187.07999999999998
187.09
187.1
187.10999999999999
187.12
187.13
187.14
187.15
187.16
187.17
187.18
187.19
187.2
187.21
187.22
187.23
187.23999999999998
187.25
187.26
187.26999999999998
187.28
187.29
187.29999999999998
187.31
187.32
187.32999999999998
187.34
187.35
187.35999999999999
187.37
187.38
187.39
187.4
187.41
187.42
187.43
187.44
187.45
187.46
187.47
187.48
187.48999999999998
187.5
187.51
187.51999999999998
187.53
187.54
187.54999999999998
187.56
187.57
187.57999999999998
187.59
187.6
187.60999999999999
187.62
187.63
187.64
187.65
187.66
187.67
187.68
187.69
187.7
187.71
187.72
187.73
187.73999999999998
187.75
187.76
187.76999999999998
187.78
187.79
187.79999999999998
187.81
187.82
187.82999999999998
187.84
187.85
187.85999999999999
187.87
187.88
187.89
187.9
187.91
187.92
187.93
187.94
187.95
187.96
187.97
187.98
187.98999999999998
188.0
188.01
188.01999999999998
188.03
188.04
188.04999999999998
188.06
188.07
188.07999999999998
188.09
188.1
188.10999999999999
188.12
188.13
188.14
188.15
188.16
188.17
188.18
188.19
188.2
188.21
188.22
188.23
188.23999999999998
188.25
188.26
188.26999999999998
188.28
188.29
188.29999999999998
188.31
188.32
188.32999999999998
188.34
188.35
188.35999999999999
188.37
188.38
188.39
188.4
188.41
188.42
188.43
188.44
188.45
188.46
188.47
188.48
188.48999999999998
188.5
188.51
188.51999999999998
188.53
188.54
188.54999999999998
188.56
188.57
188.57999999999998
188.59
188.6
188.60999999999999
188.62
188.63
188.64
188.65
188.66
188.67
188.68
188.69
188.7
188.71
188.72
188.73
188.73999999999998
188.75
188.76
188.76999999999998
188.78
188.79
188.79999999999998
188.81
188.82
188.82999999999998
188.84
188.85
188.85999999999999
188.87
188.88
188.89
188.9
188.91
188.92
188.93
188.94
188.95
188.96
188.97
188.98
188.98999999999998
189.0
189.01
189.01999999999998
189.03
189.04
189.04999999999998
189.06
189.07
189.07999999999998
189.09
189.1
189.10999999999999
189.12
189.13
189.14
189.15
189.16
189.17
189.18
189.19
189.2
189.21
189.22
189.23
189.23999999999998
189.25
189.26
189.26999999999998
189.28
189.29
189.29999999999998
189.31
189.32
189.32999999999998
189.34
189.35
189.35999999999999
189.37
189.38
189.39
189.4
189.41
189.42
189.43
189.44
189.45
189.46
189.47
189.48
189.48999999999998
189.5
189.51
189.51999999999998
189.53
189.54
189.54999999999998
189.56
189.57
189.57999999999998
189.59
189.6
189.60999999999999
189.62
189.63
189.64
189.65
189.66
189.67
189.68
189.69
189.7
189.71
189.72
189.73
189.73999999999998
189.75
189.76
189.76999999999998
189.78
189.79
189.79999999999998
189.81
189.82
189.82999999999998
189.84
189.85
189.85999999999999
189.87
189.88
189.89
189.9
189.91
189.92
189.93
189.94
189.95
189.96
189.97
189.98
189.98999999999998
190.0
190.01
190.01999999999998
190.03
190.04
190.04999999999998
190.06
190.07
190.07999999999998
190.09
190.1
190.10999999999999
190.12
190.13
190.14
190.15
190.16
190.17
190.18
190.19
190.2
190.21
190.22
190.23
190.23999999999998
190.25
190.26
190.26999999999998
190.28
190.29
190.29999999999998
190.31
190.32
190.32999999999998
190.34
190.35
190.35999999999999
190.37
190.38
190.39
190.4
190.41
190.42
190.43
190.44
190.45
190.46
190.47
190.48
190.48999999999998
190.5
190.51
190.51999999999998
190.53
190.54
190.54999999999998
190.56
190.57
190.57999999999998
190.59
190.6
190.60999999999999
190.62
190.63
190.64
190.65
190.66
190.67
190.68
190.69
190.7
190.71
190.72
190.73
190.73999999999998
190.75
190.76
190.76999999999998
190.78
190.79
190.79999999999998
190.81
190.82
190.82999999999998
190.84
190.85
190.85999999999999
190.87
190.88
190.89
190.9
190.91
190.92
190.93
190.94
190.95
190.96
190.97
190.98
190.98999999999998
191.0
191.01
191.01999999999998
191.03
191.04
191.04999999999998
191.06
191.07
191.07999999999998
191.09
191.1
191.10999999999999
191.12
191.13
191.14
191.15
191.16
191.17
191.18
191.19
191.2
191.21
191.22
191.23
191.24
191.25
191.26
191.26999999999998
191.28
191.29
191.29999999999998
191.31
191.32
191.32999999999998
191.34
191.35
191.35999999999999
191.37
191.38
191.39
191.4
191.41
191.42
191.43
191.44
191.45
191.46
191.47
191.48
191.49
191.5
191.51
191.51999999999998
191.53
191.54
191.54999999999998
191.56
191.57
191.57999999999998
191.59
191.6
191.60999999999999
191.62
191.63
191.64
191.65
191.66
191.67
191.68
191.69
191.7
191.71
191.72
191.73
191.74
191.75
191.76
191.76999999999998
191.78
191.79
191.79999999999998
191.81
191.82
191.82999999999998
191.84
191.85
191.85999999999999
191.87
191.88
191.89
191.9
191.91
191.92
191.93
191.94
191.95
191.96
191.97
191.98
191.99
192.0
192.01
192.01999999999998
192.03
192.04
192.04999999999998
192.06
192.07
192.07999999999998
192.09
192.1
192.10999999999999
192.12
192.13
192.14
192.15
192.16
192.17
192.18
192.19
192.2
192.21
192.22
192.23
192.24
192.25
192.26
192.26999999999998
192.28
192.29
192.29999999999998
192.31
192.32
192.32999999999998
192.34
192.35
192.35999999999999
192.37
192.38
192.39
192.4
192.41
192.42
192.43
192.44
192.45
192.46
192.47
192.48
192.49
192.5
192.51
192.51999999999998
192.53
192.54
192.54999999999998
192.56
192.57
192.57999999999998
192.59
192.6
192.60999999999999
192.62
192.63
192.64
192.65
192.66
192.67
192.68
192.69
192.7
192.71
192.72
192.73
192.74
192.75
192.76
192.76999999999998
192.78
192.79
192.79999999999998
192.81
192.82
192.82999999999998
192.84
192.85
192.85999999999999
192.87
192.88
192.89
192.9
192.91
192.92
192.93
192.94
192.95
192.96
192.97
192.98
192.99
193.0
193.01
193.01999999999998
193.03
193.04
193.04999999999998
193.06
193.07
193.07999999999998
193.09
193.1
193.10999999999999
193.12
193.13
193.14
193.15
193.16
193.17
193.18
193.19
193.2
193.21
193.22
193.23
193.24
193.25
193.26
193.26999999999998
193.28
193.29
193.29999999999998
193.31
193.32
193.32999999999998
193.34
193.35
193.35999999999999
193.37
193.38
193.39
193.4
193.41
193.42
193.43
193.44
193.45
193.46
193.47
193.48
193.49
193.5
193.51
193.51999999999998
193.53
193.54
193.54999999999998
193.56
193.57
193.57999999999998
193.59
193.6
193.60999999999999
193.62
193.63
193.64
193.65
193.66
193.67
193.68
193.69
193.7
193.71
193.72
193.73
193.74
193.75
193.76
193.76999999999998
193.78
193.79
193.79999999999998
193.81
193.82
193.82999999999998
193.84
193.85
193.85999999999999
193.87
193.88
193.89
193.9
193.91
193.92
193.93
193.94
193.95
193.96
193.97
193.98
193.99
194.0
194.01
194.01999999999998
194.03
194.04
194.04999999999998
194.06
194.07
194.07999999999998
194.09
194.1
194.10999999999999
194.12
194.13
194.14
194.15
194.16
194.17
194.18
194.19
194.2
194.21
194.22
194.23
194.24
194.25
194.26
194.26999999999998
194.28
194.29
194.29999999999998
194.31
194.32
194.32999999999998
194.34
194.35
194.35999999999999
194.37
194.38
194.39
194.4
194.41
194.42
194.43
194.44
194.45
194.46
194.47
194.48
194.49
194.5
194.51
194.51999999999998
194.53
194.54
194.54999999999998
194.56
194.57
194.57999999999998
194.59
194.6
194.60999999999999
194.62
194.63
194.64
194.65
194.66
194.67
194.68
194.69
194.7
194.71
194.72
194.73
194.74
194.75
194.76
194.76999999999998
194.78
194.79
194.79999999999998
194.81
194.82
194.82999999999998
194.84
194.85
194.85999999999999
194.87
194.88
194.89
194.9
194.91
194.92
194.93
194.94
194.95
194.96
194.97
194.98
194.99
195.0
195.01
195.01999999999998
195.03
195.04
195.04999999999998
195.06
195.07
195.07999999999998
195.09
195.1
195.10999999999999
195.12
195.13
195.14
195.15
195.16
195.17
195.18
195.19
195.2
195.21
195.22
195.23
195.24
195.25
195.26
195.26999999999998
195.28
195.29
195.29999999999998
195.31
195.32
195.32999999999998
195.34
195.35
195.35999999999999
195.37
195.38
195.39
195.4
195.41
195.42
195.43
195.44
195.45
195.46
195.47
195.48
195.49
195.5
195.51
195.51999999999998
195.53
195.54
195.54999999999998
195.56
195.57
195.57999999999998
195.59
195.6
195.60999999999999
195.62
195.63
195.64
195.65
195.66
195.67
195.68
195.69
195.7
195.71
195.72
195.73
195.74
195.75
195.76
195.76999999999998
195.78
195.79
195.79999999999998
195.81
195.82
195.82999999999998
195.84
195.85
195.85999999999999
195.87
195.88
195.89
195.9
195.91
195.92
195.93
195.94
195.95
195.96
195.97
195.98
195.99
196.0
196.01
196.01999999999998
196.03
196.04
196.04999999999998
196.06
196.07
196.07999999999998
196.09
196.1
196.10999999999999
196.12
196.13
196.14
196.15
196.16
196.17
196.18
196.19
196.2
196.21
196.22
196.23
196.24
196.25
196.26
196.26999999999998
196.28
196.29
196.29999999999998
196.31
196.32
196.32999999999998
196.34
196.35
196.35999999999999
196.37
196.38
196.39
196.4
196.41
196.42
196.43
196.44
196.45
196.46
196.47
196.48
196.49
196.5
196.51
196.51999999999998
196.53
196.54
196.54999999999998
196.56
196.57
196.57999999999998
196.59
196.6
196.60999999999999
196.62
196.63
196.64
196.65
196.66
196.67
196.68
196.69
196.7
196.71
196.72
196.73
196.74
196.75
196.76
196.76999999999998
196.78
196.79
196.79999999999998
196.81
196.82
196.82999999999998
196.84
196.85
196.85999999999999
196.87
196.88
196.89
196.9
196.91
196.92
196.93
196.94
196.95
196.96
196.97
196.98
196.99
197.0
197.01
197.01999999999998
197.03
197.04
197.04999999999998
197.06
197.07
197.07999999999998
197.09
197.1
197.10999999999999
197.12
197.13
197.14
197.15
197.16
197.17
197.18
197.19
197.2
197.21
197.22
197.23
197.24
197.25
197.26
197.26999999999998
197.28
197.29
197.29999999999998
197.31
197.32
197.32999999999998
197.34
197.35
197.35999999999999
197.37
197.38
197.39
197.4
197.41
197.42
197.43
197.44
197.45
197.46
197.47
197.48
197.49
197.5
197.51
197.51999999999998
197.53
197.54
197.54999999999998
197.56
197.57
197.57999999999998
197.59
197.6
197.60999999999999
197.62
197.63
197.64
197.65
197.66
197.67
197.68
197.69
197.7
197.71
197.72
197.73
197.74
197.75
197.76
197.76999999999998
197.78
197.79
197.79999999999998
197.81
197.82
197.82999999999998
197.84
197.85
197.85999999999999
197.87
197.88
197.89
197.9
197.91
197.92
197.93
197.94
197.95
197.96
197.97
197.98
197.99
198.0
198.01
198.01999999999998
198.03
198.04
198.04999999999998
198.06
198.07
198.07999999999998
198.09
198.1
198.10999999999999
198.12
198.13
198.14
198.15
198.16
198.17
198.18
198.19
198.2
198.21
198.22
198.23
198.24
198.25
198.26
198.26999999999998
198.28
198.29
198.29999999999998
198.31
198.32
198.32999999999998
198.34
198.35
198.35999999999999
198.37
198.38
198.39
198.4
198.41
198.42
198.43
198.44
198.45
198.46
198.47
198.48
198.49
198.5
198.51
198.51999999999998
198.53
198.54
198.54999999999998
198.56
198.57
198.57999999999998
198.59
198.6
198.60999999999999
198.62
198.63
198.64
198.65
198.66
198.67
198.68
198.69
198.7
198.71
198.72
198.73
198.74
198.75
198.76
198.76999999999998
198.78
198.79
198.79999999999998
198.81
198.82
198.82999999999998
198.84
198.85
198.85999999999999
198.87
198.88
198.89
198.9
198.91
198.92
198.93
198.94
198.95
198.96
198.97
198.98
198.99
199.0
199.01
199.01999999999998
199.03
199.04
199.04999999999998
199.06
199.07
199.07999999999998
199.09
199.1
199.10999999999999
199.12
199.13
199.14
199.15
199.16
199.17
199.18
199.19
199.2
199.21
199.22
199.23
199.24
199.25
199.26
199.26999999999998
199.28
199.29
199.29999999999998
199.31
199.32
199.32999999999998
199.34
199.35
199.35999999999999
199.37
199.38
199.39
199.4
199.41
199.42
199.43
199.44
199.45
199.46
199.47
199.48
199.49
199.5
199.51
199.51999999999998
199.53
199.54
199.54999999999998
199.56
199.57
199.57999999999998
199.59
199.6
199.60999999999999
199.62
199.63
199.64
199.65
199.66
199.67
199.68
199.69
199.7
199.71
199.72
199.73
199.74
199.75
199.76
199.76999999999998
199.78
199.79
199.79999999999998
199.81
199.82
199.82999999999998
199.84
199.85
199.85999999999999
199.87
199.88
199.89
199.9
199.91
199.92
199.93
199.94
199.95
199.96
199.97
199.98
199.99
200.0
200.01
200.01999999999998
200.03
200.04
200.04999999999998
200.06
200.07
200.07999999999998
200.09
200.1
200.10999999999999
200.12
200.13
200.14
200.15
200.16
200.17
200.18
200.19
200.2
200.21
200.22
200.23
200.24
200.25
200.26
200.26999999999998
200.28
200.29
200.29999999999998
200.31
200.32
200.32999999999998
200.34
200.35
200.35999999999999
200.37
200.38
200.39
200.4
200.41
200.42
200.43
200.44
200.45
200.46
200.47
200.48
200.49
200.5
200.51
200.51999999999998
200.53
200.54
200.54999999999998
200.56
200.57
200.57999999999998
200.59
200.6
200.60999999999999
200.62
200.63
200.64
200.65
200.66
200.67
200.68
200.69
200.7
200.71
200.72
200.73
200.74
200.75
200.76
200.76999999999998
200.78
200.79
200.79999999999998
200.81
200.82
200.82999999999998
200.84
200.85
200.85999999999999
200.87
200.88
200.89
200.9
200.91
200.92
200.93
200.94
200.95
200.96
200.97
200.98
200.99
201.0
201.01
201.01999999999998
201.03
201.04
201.04999999999998
201.06
201.07
201.07999999999998
201.09
201.1
201.10999999999999
201.12
201.13
201.14
201.15
201.16
201.17
201.18
201.19
201.2
201.21
201.22
201.23
201.24
201.25
201.26
201.26999999999998
201.28
201.29
201.29999999999998
201.31
201.32
201.32999999999998
201.34
201.35
201.35999999999999
201.37
201.38
201.39
201.4
201.41
201.42
201.43
201.44
201.45
201.46
201.47
201.48
201.49
201.5
201.51
201.51999999999998
201.53
201.54
201.54999999999998
201.56
201.57
201.57999999999998
201.59
201.6
201.60999999999999
201.62
201.63
201.64
201.65
201.66
201.67
201.68
201.69
201.7
201.71
201.72
201.73
201.74
201.75
201.76
201.76999999999998
201.78
201.79
201.79999999999998
201.81
201.82
201.82999999999998
201.84
201.85
201.85999999999999
201.87
201.88
201.89
201.9
201.91
201.92
201.93
201.94
201.95
201.96
201.97
201.98
201.99
202.0
202.01
202.01999999999998
202.03
202.04
202.04999999999998
202.06
202.07
202.07999999999998
202.09
202.1
202.10999999999999
202.12
202.13
202.14
202.15
202.16
202.17
202.18
202.19
202.2
202.21
202.22
202.23
202.24
202.25
202.26
202.26999999999998
202.28
202.29
202.29999999999998
202.31
202.32
202.32999999999998
202.34
202.35
202.35999999999999
202.37
202.38
202.39
202.4
202.41
202.42
202.43
202.44
202.45
202.46
202.47
202.48
202.49
202.5
202.51
202.51999999999998
202.53
202.54
202.54999999999998
202.56
202.57
202.57999999999998
202.59
202.6
202.60999999999999
202.62
202.63
202.64
202.65
202.66
202.67
202.68
202.69
202.7
202.71
202.72
202.73
202.74
202.75
202.76
202.76999999999998
202.78
202.79
202.79999999999998
202.81
202.82
202.82999999999998
202.84
202.85
202.85999999999999
202.87
202.88
202.89
202.9
202.91
202.92
202.93
202.94
202.95
202.96
202.97
202.98
202.99
203.0
203.01
203.01999999999998
203.03
203.04
203.04999999999998
203.06
203.07
203.07999999999998
203.09
203.1
203.10999999999999
203.12
203.13
203.14
203.15
203.16
203.17
203.18
203.19
203.2
203.21
203.22
203.23
203.24
203.25
203.26
203.26999999999998
203.28
203.29
203.29999999999998
203.31
203.32
203.32999999999998
203.34
203.35
203.35999999999999
203.37
203.38
203.39
203.4
203.41
203.42
203.43
203.44
203.45
203.46
203.47
203.48
203.49
203.5
203.51
203.51999999999998
203.53
203.54
203.54999999999998
203.56
203.57
203.57999999999998
203.59
203.6
203.60999999999999
203.62
203.63
203.64
203.65
203.66
203.67
203.68
203.69
203.7
203.71
203.72
203.73
203.74
203.75
203.76
203.76999999999998
203.78
203.79
203.79999999999998
203.81
203.82
203.82999999999998
203.84
203.85
203.85999999999999
203.87
203.88
203.89
203.9
203.91
203.92
203.93
203.94
203.95
203.96
203.97
203.98
203.99
204.0
204.01
204.01999999999998
204.03
204.04
204.04999999999998
204.06
204.07
204.07999999999998
204.09
204.1
204.10999999999999
204.12
204.13
204.14
204.15
204.16
204.17
204.18
204.19
204.2
204.21
204.22
204.23
204.24
204.25
204.26
204.26999999999998
204.28
204.29
204.29999999999998
204.31
204.32
204.32999999999998
204.34
204.35
204.35999999999999
204.37
204.38
204.39
204.4
204.41
204.42
204.43
204.44
204.45
204.46
204.47
204.48
204.49
204.5
204.51
204.51999999999998
204.53
204.54
204.54999999999998
204.56
204.57
204.57999999999998
204.59
204.6
204.60999999999999
204.62
204.63
204.64
204.65
204.66
204.67
204.68
204.69
204.7
204.71
204.72
204.73
204.74
204.75
204.76
204.76999999999998
204.78
204.79
204.79999999999998
204.81
204.82
204.82999999999998
204.84
204.85
204.85999999999999
204.87
204.88
204.89
204.9
204.91
204.92
204.93
204.94
204.95
204.96
204.97
204.98
204.99
205.0
205.01
205.01999999999998
205.03
205.04
205.04999999999998
205.06
205.07
205.07999999999998
205.09
205.1
205.10999999999999
205.12
205.13
205.14
205.15
205.16
205.17
205.18
205.19
205.2
205.21
205.22
205.23
205.24
205.25
205.26
205.26999999999998
205.28
205.29
205.29999999999998
205.31
205.32
205.32999999999998
205.34
205.35
205.35999999999999
205.37
205.38
205.39
205.4
205.41
205.42
205.43
205.44
205.45
205.46
205.47
205.48
205.49
205.5
205.51
205.51999999999998
205.53
205.54
205.54999999999998
205.56
205.57
205.57999999999998
205.59
205.6
205.60999999999999
205.62
205.63
205.64
205.65
205.66
205.67
205.68
205.69
205.7
205.71
205.72
205.73
205.74
205.75
205.76
205.76999999999998
205.78
205.79
205.79999999999998
205.81
205.82
205.82999999999998
205.84
205.85
205.85999999999999
205.87
205.88
205.89
205.9
205.91
205.92
205.93
205.94
205.95
205.96
205.97
205.98
205.99
206.0
206.01
206.01999999999998
206.03
206.04
206.04999999999998
206.06
206.07
206.07999999999998
206.09
206.1
206.10999999999999
206.12
206.13
206.14
206.15
206.16
206.17
206.18
206.19
206.2
206.21
206.22
206.23
206.24
206.25
206.26
206.26999999999998
206.28
206.29
206.29999999999998
206.31
206.32
206.32999999999998
206.34
206.35
206.35999999999999
206.37
206.38
206.39
206.4
206.41
206.42
206.43
206.44
206.45
206.46
206.47
206.48
206.49
206.5
206.51
206.51999999999998
206.53
206.54
206.54999999999998
206.56
206.57
206.57999999999998
206.59
206.6
206.60999999999999
206.62
206.63
206.64
206.65
206.66
206.67
206.68
206.69
206.7
206.71
206.72
206.73
206.74
206.75
206.76
206.76999999999998
206.78
206.79
206.79999999999998
206.81
206.82
206.82999999999998
206.84
206.85
206.85999999999999
206.87
206.88
206.89
206.9
206.91
206.92
206.93
206.94
206.95
206.96
206.97
206.98
206.99
207.0
207.01
207.01999999999998
207.03
207.04
207.04999999999998
207.06
207.07
207.07999999999998
207.09
207.1
207.10999999999999
207.12
207.13
207.14
207.15
207.16
207.17
207.18
207.19
207.2
207.21
207.22
207.23
207.24
207.25
207.26
207.26999999999998
207.28
207.29
207.29999999999998
207.31
207.32
207.32999999999998
207.34
207.35
207.35999999999999
207.37
207.38
207.39
207.4
207.41
207.42
207.43
207.44
207.45
207.46
207.47
207.48
207.49
207.5
207.51
207.51999999999998
207.53
207.54
207.54999999999998
207.56
207.57
207.57999999999998
207.59
207.6
207.60999999999999
207.62
207.63
207.64
207.65
207.66
207.67
207.68
207.69
207.7
207.71
207.72
207.73
207.74
207.75
207.76
207.76999999999998
207.78
207.79
207.79999999999998
207.81
207.82
207.82999999999998
207.84
207.85
207.85999999999999
207.87
207.88
207.89
207.9
207.91
207.92
207.93
207.94
207.95
207.96
207.97
207.98
207.99
208.0
208.01
208.01999999999998
208.03
208.04
208.04999999999998
208.06
208.07
208.07999999999998
208.09
208.1
208.10999999999999
208.12
208.13
208.14
208.15
208.16
208.17
208.18
208.19
208.2
208.21
208.22
208.23
208.24
208.25
208.26
208.26999999999998
208.28
208.29
208.29999999999998
208.31
208.32
208.32999999999998
208.34
208.35
208.35999999999999
208.37
208.38
208.39
208.4
208.41
208.42
208.43
208.44
208.45
208.46
208.47
208.48
208.49
208.5
208.51
208.51999999999998
208.53
208.54
208.54999999999998
208.56
208.57
208.57999999999998
208.59
208.6
208.60999999999999
208.62
208.63
208.64
208.65
208.66
208.67
208.68
208.69
208.7
208.71
208.72
208.73
208.74
208.75
208.76
208.76999999999998
208.78
208.79
208.79999999999998
208.81
208.82
208.82999999999998
208.84
208.85
208.85999999999999
208.87
208.88
208.89
208.9
208.91
208.92
208.93
208.94
208.95
208.96
208.97
208.98
208.99
209.0
209.01
209.01999999999998
209.03
209.04
209.04999999999998
209.06
209.07
209.07999999999998
209.09
209.1
209.10999999999999
209.12
209.13
209.14
209.15
209.16
209.17
209.18
209.19
209.2
209.21
209.22
209.23
209.24
209.25
209.26
209.26999999999998
209.28
209.29
209.29999999999998
209.31
209.32
209.32999999999998
209.34
209.35
209.35999999999999
209.37
209.38
209.39
209.4
209.41
209.42
209.43
209.44
209.45
209.46
209.47
209.48
209.49
209.5
209.51
209.51999999999998
209.53
209.54
209.54999999999998
209.56
209.57
209.57999999999998
209.59
209.6
209.60999999999999
209.62
209.63
209.64
209.65
209.66
209.67
209.68
209.69
209.7
209.71
209.72
209.73
209.74
209.75
209.76
209.76999999999998
209.78
209.79
209.79999999999998
209.81
209.82
209.82999999999998
209.84
209.85
209.85999999999999
209.87
209.88
209.89
209.9
209.91
209.92
209.93
209.94
209.95
209.96
209.97
209.98
209.99
210.0
210.01
210.01999999999998
210.03
210.04
210.04999999999998
210.06
210.07
210.07999999999998
210.09
210.1
210.10999999999999
210.12
210.13
210.14
210.15
210.16
210.17
210.18
210.19
210.2
210.21
210.22
210.23
210.24
210.25
210.26
210.26999999999998
210.28
210.29
210.29999999999998
210.31
210.32
210.32999999999998
210.34
210.35
210.35999999999999
210.37
210.38
210.39
210.4
210.41
210.42
210.43
210.44
210.45
210.46
210.47
210.48
210.49
210.5
210.51
210.51999999999998
210.53
210.54
210.54999999999998
210.56
210.57
210.57999999999998
210.59
210.6
210.60999999999999
210.62
210.63
210.64
210.65
210.66
210.67
210.68
210.69
210.7
210.71
210.72
210.73
210.74
210.75
210.76
210.76999999999998
210.78
210.79
210.79999999999998
210.81
210.82
210.82999999999998
210.84
210.85
210.85999999999999
210.87
210.88
210.89
210.9
210.91
210.92
210.93
210.94
210.95
210.96
210.97
210.98
210.99
211.0
211.01
211.01999999999998
211.03
211.04
211.04999999999998
211.06
211.07
211.07999999999998
211.09
211.1
211.10999999999999
211.12
211.13
211.14
211.15
211.16
211.17
211.18
211.19
211.2
211.21
211.22
211.23
211.24
211.25
211.26
211.26999999999998
211.28
211.29
211.29999999999998
211.31
211.32
211.32999999999998
211.34
211.35
211.35999999999999
211.37
211.38
211.39
211.4
211.41
211.42
211.43
211.44
211.45
211.46
211.47
211.48
211.49
211.5
211.51
211.51999999999998
211.53
211.54
211.54999999999998
211.56
211.57
211.57999999999998
211.59
211.6
211.60999999999999
211.62
211.63
211.64
211.65
211.66
211.67
211.68
211.69
211.7
211.71
211.72
211.73
211.74
211.75
211.76
211.76999999999998
211.78
211.79
211.79999999999998
211.81
211.82
211.82999999999998
211.84
211.85
211.85999999999999
211.87
211.88
211.89
211.9
211.91
211.92
211.93
211.94
211.95
211.96
211.97
211.98
211.99
212.0
212.01
212.01999999999998
212.03
212.04
212.04999999999998
212.06
212.07
212.07999999999998
212.09
212.1
212.10999999999999
212.12
212.13
212.14
212.15
212.16
212.17
212.18
212.19
212.2
212.21
212.22
212.23
212.24
212.25
212.26
212.26999999999998
212.28
212.29
212.29999999999998
212.31
212.32
212.32999999999998
212.34
212.35
212.35999999999999
212.37
212.38
212.39
212.4
212.41
212.42
212.43
212.44
212.45
212.46
212.47
212.48
212.49
212.5
212.51
212.51999999999998
212.53
212.54
212.54999999999998
212.56
212.57
212.57999999999998
212.59
212.6
212.60999999999999
212.62
212.63
212.64
212.65
212.66
212.67
212.68
212.69
212.7
212.71
212.72
212.73
212.74
212.75
212.76
212.76999999999998
212.78
212.79
212.79999999999998
212.81
212.82
212.82999999999998
212.84
212.85
212.85999999999999
212.87
212.88
212.89
212.9
212.91
212.92
212.93
212.94
212.95
212.96
212.97
212.98
212.99
213.0
213.01
213.01999999999998
213.03
213.04
213.04999999999998
213.06
213.07
213.07999999999998
213.09
213.1
213.10999999999999
213.12
213.13
213.14
213.15
213.16
213.17
213.18
213.19
213.2
213.21
213.22
213.23
213.24
213.25
213.26
213.26999999999998
213.28
213.29
213.29999999999998
213.31
213.32
213.32999999999998
213.34
213.35
213.35999999999999
213.37
213.38
213.39
213.4
213.41
213.42
213.43
213.44
213.45
213.46
213.47
213.48
213.49
213.5
213.51
213.51999999999998
213.53
213.54
213.54999999999998
213.56
213.57
213.57999999999998
213.59
213.6
213.60999999999999
213.62
213.63
213.64
213.65
213.66
213.67
213.68
213.69
213.7
213.71
213.72
213.73
213.74
213.75
213.76
213.76999999999998
213.78
213.79
213.79999999999998
213.81
213.82
213.82999999999998
213.84
213.85
213.85999999999999
213.87
213.88
213.89
213.9
213.91
213.92
213.93
213.94
213.95
213.96
213.97
213.98
213.99
214.0
214.01
214.01999999999998
214.03
214.04
214.04999999999998
214.06
214.07
214.07999999999998
214.09
214.1
214.10999999999999
214.12
214.13
214.14
214.15
214.16
214.17
214.18
214.19
214.2
214.21
214.22
214.23
214.24
214.25
214.26
214.26999999999998
214.28
214.29
214.29999999999998
214.31
214.32
214.32999999999998
214.34
214.35
214.35999999999999
214.37
214.38
214.39
214.4
214.41
214.42
214.43
214.44
214.45
214.46
214.47
214.48
214.49
214.5
214.51
214.51999999999998
214.53
214.54
214.54999999999998
214.56
214.57
214.57999999999998
214.59
214.6
214.60999999999999
214.62
214.63
214.64
214.65
214.66
214.67
214.68
214.69
214.7
214.71
214.72
214.73
214.74
214.75
214.76
214.76999999999998
214.78
214.79
214.79999999999998
214.81
214.82
214.82999999999998
214.84
214.85
214.85999999999999
214.87
214.88
214.89
214.9
214.91
214.92
214.93
214.94
214.95
214.96
214.97
214.98
214.99
215.0
215.01
215.01999999999998
215.03
215.04
215.04999999999998
215.06
215.07
215.07999999999998
215.09
215.1
215.10999999999999
215.12
215.13
215.14
215.15
215.16
215.17
215.18
215.19
215.2
215.21
215.22
215.23
215.24
215.25
215.26
215.26999999999998
215.28
215.29
215.29999999999998
215.31
215.32
215.32999999999998
215.34
215.35
215.35999999999999
215.37
215.38
215.39
215.4
215.41
215.42
215.43
215.44
215.45
215.46
215.47
215.48
215.49
215.5
215.51
215.51999999999998
215.53
215.54
215.54999999999998
215.56
215.57
215.57999999999998
215.59
215.6
215.60999999999999
215.62
215.63
215.64
215.65
215.66
215.67
215.68
215.69
215.7
215.71
215.72
215.73
215.74
215.75
215.76
215.76999999999998
215.78
215.79
215.79999999999998
215.81
215.82
215.82999999999998
215.84
215.85
215.85999999999999
215.87
215.88
215.89
215.9
215.91
215.92
215.93
215.94
215.95
215.96
215.97
215.98
215.99
216.0
216.01
216.01999999999998
216.03
216.04
216.04999999999998
216.06
216.07
216.07999999999998
216.09
216.1
216.10999999999999
216.12
216.13
216.14
216.15
216.16
216.17
216.18
216.19
216.2
216.21
216.22
216.23
216.24
216.25
216.26
216.26999999999998
216.28
216.29
216.29999999999998
216.31
216.32
216.32999999999998
216.34
216.35
216.35999999999999
216.37
216.38
216.39
216.4
216.41
216.42
216.43
216.44
216.45
216.46
216.47
216.48
216.49
216.5
216.51
216.51999999999998
216.53
216.54
216.54999999999998
216.56
216.57
216.57999999999998
216.59
216.6
216.60999999999999
216.62
216.63
216.64
216.65
216.66
216.67
216.68
216.69
216.7
216.71
216.72
216.73
216.74
216.75
216.76
216.76999999999998
216.78
216.79
216.79999999999998
216.81
216.82
216.82999999999998
216.84
216.85
216.85999999999999
216.87
216.88
216.89
216.9
216.91
216.92
216.93
216.94
216.95
216.96
216.97
216.98
216.99
217.0
217.01
217.01999999999998
217.03
217.04
217.04999999999998
217.06
217.07
217.07999999999998
217.09
217.1
217.10999999999999
217.12
217.13
217.14
217.15
217.16
217.17
217.18
217.19
217.2
217.21
217.22
217.23
217.24
217.25
217.26
217.26999999999998
217.28
217.29
217.29999999999998
217.31
217.32
217.32999999999998
217.34
217.35
217.35999999999999
217.37
217.38
217.39
217.4
217.41
217.42
217.43
217.44
217.45
217.46
217.47
217.48
217.49
217.5
217.51
217.51999999999998
217.53
217.54
217.54999999999998
217.56
217.57
217.57999999999998
217.59
217.6
217.60999999999999
217.62
217.63
217.64
217.65
217.66
217.67
217.68
217.69
217.7
217.71
217.72
217.73
217.74
217.75
217.76
217.76999999999998
217.78
217.79
217.79999999999998
217.81
217.82
217.82999999999998
217.84
217.85
217.85999999999999
217.87
217.88
217.89
217.9
217.91
217.92
217.93
217.94
217.95
217.96
217.97
217.98
217.99
218.0
218.01
218.01999999999998
218.03
218.04
218.04999999999998
218.06
218.07
218.07999999999998
218.09
218.1
218.10999999999999
218.12
218.13
218.14
218.15
218.16
218.17
218.18
218.19
218.2
218.21
218.22
218.23
218.24
218.25
218.26
218.26999999999998
218.28
218.29
218.29999999999998
218.31
218.32
218.32999999999998
218.34
218.35
218.35999999999999
218.37
218.38
218.39
218.4
218.41
218.42
218.43
218.44
218.45
218.46
218.47
218.48
218.49
218.5
218.51
218.51999999999998
218.53
218.54
218.54999999999998
218.56
218.57
218.57999999999998
218.59
218.6
218.60999999999999
218.62
218.63
218.64
218.65
218.66
218.67
218.68
218.69
218.7
218.71
218.72
218.73
218.74
218.75
218.76
218.76999999999998
218.78
218.79
218.79999999999998
218.81
218.82
218.82999999999998
218.84
218.85
218.85999999999999
218.87
218.88
218.89
218.9
218.91
218.92
218.93
218.94
218.95
218.96
218.97
218.98
218.99
219.0
219.01
219.01999999999998
219.03
219.04
219.04999999999998
219.06
219.07
219.07999999999998
219.09
219.1
219.10999999999999
219.12
219.13
219.14
219.15
219.16
219.17
219.18
219.19
219.2
219.21
219.22
219.23
219.24
219.25
219.26
219.26999999999998
219.28
219.29
219.29999999999998
219.31
219.32
219.32999999999998
219.34
219.35
219.35999999999999
219.37
219.38
219.39
219.4
219.41
219.42
219.43
219.44
219.45
219.46
219.47
219.48
219.49
219.5
219.51
219.51999999999998
219.53
219.54
219.54999999999998
219.56
219.57
219.57999999999998
219.59
219.6
219.60999999999999
219.62
219.63
219.64
219.65
219.66
219.67
219.68
219.69
219.7
219.71
219.72
219.73
219.74
219.75
219.76
219.76999999999998
219.78
219.79
219.79999999999998
219.81
219.82
219.82999999999998
219.84
219.85
219.85999999999999
219.87
219.88
219.89
219.9
219.91
219.92
219.93
219.94
219.95
219.96
219.97
219.98
219.99
220.0
220.01
220.01999999999998
220.03
220.04
220.04999999999998
220.06
220.07
220.07999999999998
220.09
220.1
220.10999999999999
220.12
220.13
220.14
220.15
220.16
220.17
220.18
220.19
220.2
220.21
220.22
220.23
220.24
220.25
220.26
220.26999999999998
220.28
220.29
220.29999999999998
220.31
220.32
220.32999999999998
220.34
220.35
220.35999999999999
220.37
220.38
220.39
220.4
220.41
220.42
220.43
220.44
220.45
220.46
220.47
220.48
220.49
220.5
220.51
220.51999999999998
220.53
220.54
220.54999999999998
220.56
220.57
220.57999999999998
220.59
220.6
220.60999999999999
220.62
220.63
220.64
220.65
220.66
220.67
220.68
220.69
220.7
220.71
220.72
220.73
220.74
220.75
220.76
220.76999999999998
220.78
220.79
220.79999999999998
220.81
220.82
220.82999999999998
220.84
220.85
220.85999999999999
220.87
220.88
220.89
220.9
220.91
220.92
220.93
220.94
220.95
220.96
220.97
220.98
220.99
221.0
221.01
221.01999999999998
221.03
221.04
221.04999999999998
221.06
221.07
221.07999999999998
221.09
221.1
221.10999999999999
221.12
221.13
221.14
221.15
221.16
221.17
221.18
221.19
221.2
221.21
221.22
221.23
221.24
221.25
221.26
221.26999999999998
221.28
221.29
221.29999999999998
221.31
221.32
221.32999999999998
221.34
221.35
221.35999999999999
221.37
221.38
221.39
221.4
221.41
221.42
221.43
221.44
221.45
221.46
221.47
221.48
221.49
221.5
221.51
221.51999999999998
221.53
221.54
221.54999999999998
221.56
221.57
221.57999999999998
221.59
221.6
221.60999999999999
221.62
221.63
221.64
221.65
221.66
221.67
221.68
221.69
221.7
221.71
221.72
221.73
221.74
221.75
221.76
221.76999999999998
221.78
221.79
221.79999999999998
221.81
221.82
221.82999999999998
221.84
221.85
221.85999999999999
221.87
221.88
221.89
221.9
221.91
221.92
221.93
221.94
221.95
221.96
221.97
221.98
221.99
222.0
222.01
222.01999999999998
222.03
222.04
222.04999999999998
222.06
222.07
222.07999999999998
222.09
222.1
222.10999999999999
222.12
222.13
222.14
222.15
222.16
222.17
222.18
222.19
222.2
222.21
222.22
222.23
222.24
222.25
222.26
222.26999999999998
222.28
222.29
222.29999999999998
222.31
222.32
222.32999999999998
222.34
222.35
222.35999999999999
222.37
222.38
222.39
222.4
222.41
222.42
222.43
222.44
222.45
222.46
222.47
222.48
222.49
222.5
222.51
222.51999999999998
222.53
222.54
222.54999999999998
222.56
222.57
222.57999999999998
222.59
222.6
222.60999999999999
222.62
222.63
222.64
222.65
222.66
222.67
222.68
222.69
222.7
222.71
222.72
222.73
222.74
222.75
222.76
222.76999999999998
222.78
222.79
222.79999999999998
222.81
222.82
222.82999999999998
222.84
222.85
222.85999999999999
222.87
222.88
222.89
222.9
222.91
222.92
222.93
222.94
222.95
222.96
222.97
222.98
222.99
223.0
223.01
223.01999999999998
223.03
223.04
223.04999999999998
223.06
223.07
223.07999999999998
223.09
223.1
223.10999999999999
223.12
223.13
223.14
223.15
223.16
223.17
223.18
223.19
223.2
223.21
223.22
223.23
223.24
223.25
223.26
223.26999999999998
223.28
223.29
223.29999999999998
223.31
223.32
223.32999999999998
223.34
223.35
223.35999999999999
223.37
223.38
223.39
223.4
223.41
223.42
223.43
223.44
223.45
223.46
223.47
223.48
223.49
223.5
223.51
223.51999999999998
223.53
223.54
223.54999999999998
223.56
223.57
223.57999999999998
223.59
223.6
223.60999999999999
223.62
223.63
223.64
223.65
223.66
223.67
223.68
223.69
223.7
223.71
223.72
223.73
223.74
223.75
223.76
223.76999999999998
223.78
223.79
223.79999999999998
223.81
223.82
223.82999999999998
223.84
223.85
223.85999999999999
223.87
223.88
223.89
223.9
223.91
223.92
223.93
223.94
223.95
223.96
223.97
223.98
223.99
224.0
224.01
224.01999999999998
224.03
224.04
224.04999999999998
224.06
224.07
224.07999999999998
224.09
224.1
224.10999999999999
224.12
224.13
224.14
224.15
224.16
224.17
224.18
224.19
224.2
224.21
224.22
224.23
224.24
224.25
224.26
224.26999999999998
224.28
224.29
224.29999999999998
224.31
224.32
224.32999999999998
224.34
224.35
224.35999999999999
224.37
224.38
224.39
224.4
224.41
224.42
224.43
224.44
224.45
224.46
224.47
224.48
224.49
224.5
224.51
224.51999999999998
224.53
224.54
224.54999999999998
224.56
224.57
224.57999999999998
224.59
224.6
224.60999999999999
224.62
224.63
224.64
224.65
224.66
224.67
224.68
224.69
224.7
224.71
224.72
224.73
224.74
224.75
224.76
224.76999999999998
224.78
224.79
224.79999999999998
224.81
224.82
224.82999999999998
224.84
224.85
224.85999999999999
224.87
224.88
224.89
224.9
224.91
224.92
224.93
224.94
224.95
224.96
224.97
224.98
224.99
225.0
225.01
225.01999999999998
225.03
225.04
225.04999999999998
225.06
225.07
225.07999999999998
225.09
225.1
225.10999999999999
225.12
225.13
225.14
225.15
225.16
225.17
225.18
225.19
225.2
225.21
225.22
225.23
225.24
225.25
225.26
225.26999999999998
225.28
225.29
225.29999999999998
225.31
225.32
225.32999999999998
225.34
225.35
225.35999999999999
225.37
225.38
225.39
225.4
225.41
225.42
225.43
225.44
225.45
225.46
225.47
225.48
225.49
225.5
225.51
225.51999999999998
225.53
225.54
225.54999999999998
225.56
225.57
225.57999999999998
225.59
225.6
225.60999999999999
225.62
225.63
225.64
225.65
225.66
225.67
225.68
225.69
225.7
225.71
225.72
225.73
225.74
225.75
225.76
225.76999999999998
225.78
225.79
225.79999999999998
225.81
225.82
225.82999999999998
225.84
225.85
225.85999999999999
225.87
225.88
225.89
225.9
225.91
225.92
225.93
225.94
225.95
225.96
225.97
225.98
225.99
226.0
226.01
226.01999999999998
226.03
226.04
226.04999999999998
226.06
226.07
226.07999999999998
226.09
226.1
226.10999999999999
226.12
226.13
226.14
226.15
226.16
226.17
226.18
226.19
226.2
226.21
226.22
226.23
226.24
226.25
226.26
226.26999999999998
226.28
226.29
226.29999999999998
226.31
226.32
226.32999999999998
226.34
226.35
226.35999999999999
226.37
226.38
226.39
226.4
226.41
226.42
226.43
226.44
226.45
226.46
226.47
226.48
226.49
226.5
226.51
226.51999999999998
226.53
226.54
226.54999999999998
226.56
226.57
226.57999999999998
226.59
226.6
226.60999999999999
226.62
226.63
226.64
226.65
226.66
226.67
226.68
226.69
226.7
226.71
226.72
226.73
226.74
226.75
226.76
226.76999999999998
226.78
226.79
226.79999999999998
226.81
226.82
226.82999999999998
226.84
226.85
226.85999999999999
226.87
226.88
226.89
226.9
226.91
226.92
226.93
226.94
226.95
226.96
226.97
226.98
226.99
227.0
227.01
227.01999999999998
227.03
227.04
227.04999999999998
227.06
227.07
227.07999999999998
227.09
227.1
227.10999999999999
227.12
227.13
227.14
227.15
227.16
227.17
227.18
227.19
227.2
227.21
227.22
227.23
227.24
227.25
227.26
227.26999999999998
227.28
227.29
227.29999999999998
227.31
227.32
227.32999999999998
227.34
227.35
227.35999999999999
227.37
227.38
227.39
227.4
227.41
227.42
227.43
227.44
227.45
227.46
227.47
227.48
227.49
227.5
227.51
227.51999999999998
227.53
227.54
227.54999999999998
227.56
227.57
227.57999999999998
227.59
227.6
227.60999999999999
227.62
227.63
227.64
227.65
227.66
227.67
227.68
227.69
227.7
227.71
227.72
227.73
227.74
227.75
227.76
227.76999999999998
227.78
227.79
227.79999999999998
227.81
227.82
227.82999999999998
227.84
227.85
227.85999999999999
227.87
227.88
227.89
227.9
227.91
227.92
227.93
227.94
227.95
227.96
227.97
227.98
227.99
228.0
228.01
228.01999999999998
228.03
228.04
228.04999999999998
228.06
228.07
228.07999999999998
228.09
228.1
228.10999999999999
228.12
228.13
228.14
228.15
228.16
228.17
228.18
228.19
228.2
228.21
228.22
228.23
228.24
228.25
228.26
228.26999999999998
228.28
228.29
228.29999999999998
228.31
228.32
228.32999999999998
228.34
228.35
228.35999999999999
228.37
228.38
228.39
228.4
228.41
228.42
228.43
228.44
228.45
228.46
228.47
228.48
228.49
228.5
228.51
228.51999999999998
228.53
228.54
228.54999999999998
228.56
228.57
228.57999999999998
228.59
228.6
228.60999999999999
228.62
228.63
228.64
228.65
228.66
228.67
228.68
228.69
228.7
228.71
228.72
228.73
228.74
228.75
228.76
228.76999999999998
228.78
228.79
228.79999999999998
228.81
228.82
228.82999999999998
228.84
228.85
228.85999999999999
228.87
228.88
228.89
228.9
228.91
228.92
228.93
228.94
228.95
228.96
228.97
228.98
228.99
229.0
229.01
229.01999999999998
229.03
229.04
229.04999999999998
229.06
229.07
229.07999999999998
229.09
229.1
229.10999999999999
229.12
229.13
229.14
229.15
229.16
229.17
229.18
229.19
229.2
229.21
229.22
229.23
229.24
229.25
229.26
229.26999999999998
229.28
229.29
229.29999999999998
229.31
229.32
229.32999999999998
229.34
229.35
229.35999999999999
229.37
229.38
229.39
229.4
229.41
229.42
229.43
229.44
229.45
229.46
229.47
229.48
229.49
229.5
229.51
229.51999999999998
229.53
229.54
229.54999999999998
229.56
229.57
229.57999999999998
229.59
229.6
229.60999999999999
229.62
229.63
229.64
229.65
229.66
229.67
229.68
229.69
229.7
229.71
229.72
229.73
229.74
229.75
229.76
229.76999999999998
229.78
229.79
229.79999999999998
229.81
229.82
229.82999999999998
229.84
229.85
229.85999999999999
229.87
229.88
229.89
229.9
229.91
229.92
229.93
229.94
229.95
229.96
229.97
229.98
229.99
230.0
230.01
230.01999999999998
230.03
230.04
230.04999999999998
230.06
230.07
230.07999999999998
230.09
230.1
230.10999999999999
230.12
230.13
230.14
230.15
230.16
230.17
230.18
230.19
230.2
230.21
230.22
230.23
230.24
230.25
230.26
230.26999999999998
230.28
230.29
230.29999999999998
230.31
230.32
230.32999999999998
230.34
230.35
230.35999999999999
230.37
230.38
230.39
230.4
230.41
230.42
230.43
230.44
230.45
230.46
230.47
230.48
230.49
230.5
230.51
230.51999999999998
230.53
230.54
230.54999999999998
230.56
230.57
230.57999999999998
230.59
230.6
230.60999999999999
230.62
230.63
230.64
230.65
230.66
230.67
230.68
230.69
230.7
230.71
230.72
230.73
230.74
230.75
230.76
230.76999999999998
230.78
230.79
230.79999999999998
230.81
230.82
230.82999999999998
230.84
230.85
230.85999999999999
230.87
230.88
230.89
230.9
230.91
230.92
230.93
230.94
230.95
230.96
230.97
230.98
230.99
231.0
231.01
231.01999999999998
231.03
231.04
231.04999999999998
231.06
231.07
231.07999999999998
231.09
231.1
231.10999999999999
231.12
231.13
231.14
231.15
231.16
231.17
231.18
231.19
231.2
231.21
231.22
231.23
231.24
231.25
231.26
231.26999999999998
231.28
231.29
231.29999999999998
231.31
231.32
231.32999999999998
231.34
231.35
231.35999999999999
231.37
231.38
231.39
231.4
231.41
231.42
231.43
231.44
231.45
231.46
231.47
231.48
231.49
231.5
231.51
231.51999999999998
231.53
231.54
231.54999999999998
231.56
231.57
231.57999999999998
231.59
231.6
231.60999999999999
231.62
231.63
231.64
231.65
231.66
231.67
231.68
231.69
231.7
231.71
231.72
231.73
231.74
231.75
231.76
231.76999999999998
231.78
231.79
231.79999999999998
231.81
231.82
231.82999999999998
231.84
231.85
231.85999999999999
231.87
231.88
231.89
231.9
231.91
231.92
231.93
231.94
231.95
231.96
231.97
231.98
231.99
232.0
232.01
232.01999999999998
232.03
232.04
232.04999999999998
232.06
232.07
232.07999999999998
232.09
232.1
232.10999999999999
232.12
232.13
232.14
232.15
232.16
232.17
232.18
232.19
232.2
232.21
232.22
232.23
232.24
232.25
232.26
232.26999999999998
232.28
232.29
232.29999999999998
232.31
232.32
232.32999999999998
232.34
232.35
232.35999999999999
232.37
232.38
232.39
232.4
232.41
232.42
232.43
232.44
232.45
232.46
232.47
232.48
232.49
232.5
232.51
232.51999999999998
232.53
232.54
232.54999999999998
232.56
232.57
232.57999999999998
232.59
232.6
232.60999999999999
232.62
232.63
232.64
232.65
232.66
232.67
232.68
232.69
232.7
232.71
232.72
232.73
232.74
232.75
232.76
232.76999999999998
232.78
232.79
232.79999999999998
232.81
232.82
232.82999999999998
232.84
232.85
232.85999999999999
232.87
232.88
232.89
232.9
232.91
232.92
232.93
232.94
232.95
232.96
232.97
232.98
232.99
233.0
233.01
233.01999999999998
233.03
233.04
233.04999999999998
233.06
233.07
233.07999999999998
233.09
233.1
233.10999999999999
233.12
233.13
233.14
233.15
233.16
233.17
233.18
233.19
233.2
233.21
233.22
233.23
233.24
233.25
233.26
233.26999999999998
233.28
233.29
233.29999999999998
233.31
233.32
233.32999999999998
233.34
233.35
233.35999999999999
233.37
233.38
233.39
233.4
233.41
233.42
233.43
233.44
233.45
233.46
233.47
233.48
233.49
233.5
233.51
233.51999999999998
233.53
233.54
233.54999999999998
233.56
233.57
233.57999999999998
233.59
233.6
233.60999999999999
233.62
233.63
233.64
233.65
233.66
233.67
233.68
233.69
233.7
233.71
233.72
233.73
233.74
233.75
233.76
233.76999999999998
233.78
233.79
233.79999999999998
233.81
233.82
233.82999999999998
233.84
233.85
233.85999999999999
233.87
233.88
233.89
233.9
233.91
233.92
233.93
233.94
233.95
233.96
233.97
233.98
233.99
234.0
234.01
234.01999999999998
234.03
234.04
234.04999999999998
234.06
234.07
234.07999999999998
234.09
234.1
234.10999999999999
234.12
234.13
234.14
234.15
234.16
234.17
234.18
234.19
234.2
234.21
234.22
234.23
234.24
234.25
234.26
234.26999999999998
234.28
234.29
234.29999999999998
234.31
234.32
234.32999999999998
234.34
234.35
234.35999999999999
234.37
234.38
234.39
234.4
234.41
234.42
234.43
234.44
234.45
234.46
234.47
234.48
234.49
234.5
234.51
234.51999999999998
234.53
234.54
234.54999999999998
234.56
234.57
234.57999999999998
234.59
234.6
234.60999999999999
234.62
234.63
234.64
234.65
234.66
234.67
234.68
234.69
234.7
234.71
234.72
234.73
234.74
234.75
234.76
234.76999999999998
234.78
234.79
234.79999999999998
234.81
234.82
234.82999999999998
234.84
234.85
234.85999999999999
234.87
234.88
234.89
234.9
234.91
234.92
234.93
234.94
234.95
234.96
234.97
234.98
234.99
235.0
235.01
235.01999999999998
235.03
235.04
235.04999999999998
235.06
235.07
235.07999999999998
235.09
235.1
235.10999999999999
235.12
235.13
235.14
235.15
235.16
235.17
235.18
235.19
235.2
235.21
235.22
235.23
235.24
235.25
235.26
235.26999999999998
235.28
235.29
235.29999999999998
235.31
235.32
235.32999999999998
235.34
235.35
235.35999999999999
235.37
235.38
235.39
235.4
235.41
235.42
235.43
235.44
235.45
235.46
235.47
235.48
235.49
235.5
235.51
235.51999999999998
235.53
235.54
235.54999999999998
235.56
235.57
235.57999999999998
235.59
235.6
235.60999999999999
235.62
235.63
235.64
235.65
235.66
235.67
235.68
235.69
235.7
235.71
235.72
235.73
235.74
235.75
235.76
235.76999999999998
235.78
235.79
235.79999999999998
235.81
235.82
235.82999999999998
235.84
235.85
235.85999999999999
235.87
235.88
235.89
235.9
235.91
235.92
235.93
235.94
235.95
235.96
235.97
235.98
235.99
236.0
236.01
236.01999999999998
236.03
236.04
236.04999999999998
236.06
236.07
236.07999999999998
236.09
236.1
236.10999999999999
236.12
236.13
236.14
236.15
236.16
236.17
236.18
236.19
236.2
236.21
236.22
236.23
236.24
236.25
236.26
236.26999999999998
236.28
236.29
236.29999999999998
236.31
236.32
236.32999999999998
236.34
236.35
236.35999999999999
236.37
236.38
236.39
236.4
236.41
236.42
236.43
236.44
236.45
236.46
236.47
236.48
236.49
236.5
236.51
236.51999999999998
236.53
236.54
236.54999999999998
236.56
236.57
236.57999999999998
236.59
236.6
236.60999999999999
236.62
236.63
236.64
236.65
236.66
236.67
236.68
236.69
236.7
236.71
236.72
236.73
236.74
236.75
236.76
236.76999999999998
236.78
236.79
236.79999999999998
236.81
236.82
236.82999999999998
236.84
236.85
236.85999999999999
236.87
236.88
236.89
236.9
236.91
236.92
236.93
236.94
236.95
236.96
236.97
236.98
236.99
237.0
237.01
237.01999999999998
237.03
237.04
237.04999999999998
237.06
237.07
237.07999999999998
237.09
237.1
237.10999999999999
237.12
237.13
237.14
237.15
237.16
237.17
237.18
237.19
237.2
237.21
237.22
237.23
237.24
237.25
237.26
237.26999999999998
237.28
237.29
237.29999999999998
237.31
237.32
237.32999999999998
237.34
237.35
237.35999999999999
237.37
237.38
237.39
237.4
237.41
237.42
237.43
237.44
237.45
237.46
237.47
237.48
237.49
237.5
237.51
237.51999999999998
237.53
237.54
237.54999999999998
237.56
237.57
237.57999999999998
237.59
237.6
237.60999999999999
237.62
237.63
237.64
237.65
237.66
237.67
237.68
237.69
237.7
237.71
237.72
237.73
237.74
237.75
237.76
237.76999999999998
237.78
237.79
237.79999999999998
237.81
237.82
237.82999999999998
237.84
237.85
237.85999999999999
237.87
237.88
237.89
237.9
237.91
237.92
237.93
237.94
237.95
237.96
237.97
237.98
237.99
238.0
238.01
238.01999999999998
238.03
238.04
238.04999999999998
238.06
238.07
238.07999999999998
238.09
238.1
238.10999999999999
238.12
238.13
238.14
238.15
238.16
238.17
238.18
238.19
238.2
238.21
238.22
238.23
238.24
238.25
238.26
238.26999999999998
238.28
238.29
238.29999999999998
238.31
238.32
238.32999999999998
238.34
238.35
238.35999999999999
238.37
238.38
238.39
238.4
238.41
238.42
238.43
238.44
238.45
238.46
238.47
238.48
238.49
238.5
238.51
238.51999999999998
238.53
238.54
238.54999999999998
238.56
238.57
238.57999999999998
238.59
238.6
238.60999999999999
238.62
238.63
238.64
238.65
238.66
238.67
238.68
238.69
238.7
238.71
238.72
238.73
238.74
238.75
238.76
238.76999999999998
238.78
238.79
238.79999999999998
238.81
238.82
238.82999999999998
238.84
238.85
238.85999999999999
238.87
238.88
238.89
238.9
238.91
238.92
238.93
238.94
238.95
238.96
238.97
238.98
238.99
239.0
239.01
239.01999999999998
239.03
239.04
239.04999999999998
239.06
239.07
239.07999999999998
239.09
239.1
239.10999999999999
239.12
239.13
239.14
239.15
239.16
239.17
239.18
239.19
239.2
239.21
239.22
239.23
239.24
239.25
239.26
239.26999999999998
239.28
239.29
239.29999999999998
239.31
239.32
239.32999999999998
239.34
239.35
239.35999999999999
239.37
239.38
239.39
239.4
239.41
239.42
239.43
239.44
239.45
239.46
239.47
239.48
239.49
239.5
239.51
239.51999999999998
239.53
239.54
239.54999999999998
239.56
239.57
239.57999999999998
239.59
239.6
239.60999999999999
239.62
239.63
239.64
239.65
239.66
239.67
239.68
239.69
239.7
239.71
239.72
239.73
239.74
239.75
239.76
239.76999999999998
239.78
239.79
239.79999999999998
239.81
239.82
239.82999999999998
239.84
239.85
239.85999999999999
239.87
239.88
239.89
239.9
239.91
239.92
239.93
239.94
239.95
239.96
239.97
239.98
239.99
240.0
240.01
240.01999999999998
240.03
240.04
240.04999999999998
240.06
240.07
240.07999999999998
240.09
240.1
240.10999999999999
240.12
240.13
240.14
240.15
240.16
240.17
240.18
240.19
240.2
240.21
240.22
240.23
240.24
240.25
240.26
240.26999999999998
240.28
240.29
240.29999999999998
240.31
240.32
240.32999999999998
240.34
240.35
240.35999999999999
240.37
240.38
240.39
240.4
240.41
240.42
240.43
240.44
240.45
240.46
240.47
240.48
240.49
240.5
240.51
240.51999999999998
240.53
240.54
240.54999999999998
240.56
240.57
240.57999999999998
240.59
240.6
240.60999999999999
240.62
240.63
240.64
240.65
240.66
240.67
240.68
240.69
240.7
240.71
240.72
240.73
240.74
240.75
240.76
240.76999999999998
240.78
240.79
240.79999999999998
240.81
240.82
240.82999999999998
240.84
240.85
240.85999999999999
240.87
240.88
240.89
240.9
240.91
240.92
240.93
240.94
240.95
240.96
240.97
240.98
240.99
241.0
241.01
241.01999999999998
241.03
241.04
241.04999999999998
241.06
241.07
241.07999999999998
241.09
241.1
241.10999999999999
241.12
241.13
241.14
241.15
241.16
241.17
241.18
241.19
241.2
241.21
241.22
241.23
241.24
241.25
241.26
241.26999999999998
241.28
241.29
241.29999999999998
241.31
241.32
241.32999999999998
241.34
241.35
241.35999999999999
241.37
241.38
241.39
241.4
241.41
241.42
241.43
241.44
241.45
241.46
241.47
241.48
241.49
241.5
241.51
241.51999999999998
241.53
241.54
241.54999999999998
241.56
241.57
241.57999999999998
241.59
241.6
241.60999999999999
241.62
241.63
241.64
241.65
241.66
241.67
241.68
241.69
241.7
241.71
241.72
241.73
241.74
241.75
241.76
241.76999999999998
241.78
241.79
241.79999999999998
241.81
241.82
241.82999999999998
241.84
241.85
241.85999999999999
241.87
241.88
241.89
241.9
241.91
241.92
241.93
241.94
241.95
241.96
241.97
241.98
241.99
242.0
242.01
242.01999999999998
242.03
242.04
242.04999999999998
242.06
242.07
242.07999999999998
242.09
242.1
242.10999999999999
242.12
242.13
242.14
242.15
242.16
242.17
242.18
242.19
242.2
242.21
242.22
242.23
242.24
242.25
242.26
242.26999999999998
242.28
242.29
242.29999999999998
242.31
242.32
242.32999999999998
242.34
242.35
242.35999999999999
242.37
242.38
242.39
242.4
242.41
242.42
242.43
242.44
242.45
242.46
242.47
242.48
242.49
242.5
242.51
242.51999999999998
242.53
242.54
242.54999999999998
242.56
242.57
242.57999999999998
242.59
242.6
242.60999999999999
242.62
242.63
242.64
242.65
242.66
242.67
242.68
242.69
242.7
242.71
242.72
242.73
242.74
242.75
242.76
242.76999999999998
242.78
242.79
242.79999999999998
242.81
242.82
242.82999999999998
242.84
242.85
242.85999999999999
242.87
242.88
242.89
242.9
242.91
242.92
242.93
242.94
242.95
242.96
242.97
242.98
242.99
243.0
243.01
243.01999999999998
243.03
243.04
243.04999999999998
243.06
243.07
243.07999999999998
243.09
243.1
243.10999999999999
243.12
243.13
243.14
243.15
243.16
243.17
243.18
243.19
243.2
243.21
243.22
243.23
243.24
243.25
243.26
243.26999999999998
243.28
243.29
243.29999999999998
243.31
243.32
243.32999999999998
243.34
243.35
243.35999999999999
243.37
243.38
243.39
243.4
243.41
243.42
243.43
243.44
243.45
243.46
243.47
243.48
243.49
243.5
243.51
243.51999999999998
243.53
243.54
243.54999999999998
243.56
243.57
243.57999999999998
243.59
243.6
243.60999999999999
243.62
243.63
243.64
243.65
243.66
243.67
243.68
243.69
243.7
243.71
243.72
243.73
243.74
243.75
243.76
243.76999999999998
243.78
243.79
243.79999999999998
243.81
243.82
243.82999999999998
243.84
243.85
243.85999999999999
243.87
243.88
243.89
243.9
243.91
243.92
243.93
243.94
243.95
243.96
243.97
243.98
243.99
244.0
244.01
244.01999999999998
244.03
244.04
244.04999999999998
244.06
244.07
244.07999999999998
244.09
244.1
244.10999999999999
244.12
244.13
244.14
244.15
244.16
244.17
244.18
244.19
244.2
244.21
244.22
244.23
244.24
244.25
244.26
244.26999999999998
244.28
244.29
244.29999999999998
244.31
244.32
244.32999999999998
244.34
244.35
244.35999999999999
244.37
244.38
244.39
244.4
244.41
244.42
244.43
244.44
244.45
244.46
244.47
244.48
244.49
244.5
244.51
244.51999999999998
244.53
244.54
244.54999999999998
244.56
244.57
244.57999999999998
244.59
244.6
244.60999999999999
244.62
244.63
244.64
244.65
244.66
244.67
244.68
244.69
244.7
244.71
244.72
244.73
244.74
244.75
244.76
244.76999999999998
244.78
244.79
244.79999999999998
244.81
244.82
244.82999999999998
244.84
244.85
244.85999999999999
244.87
244.88
244.89
244.9
244.91
244.92
244.93
244.94
244.95
244.96
244.97
244.98
244.99
245.0
245.01
245.01999999999998
245.03
245.04
245.04999999999998
245.06
245.07
245.07999999999998
245.09
245.1
245.10999999999999
245.12
245.13
245.14
245.15
245.16
245.17
245.18
245.19
245.2
245.21
245.22
245.23
245.24
245.25
245.26
245.26999999999998
245.28
245.29
245.29999999999998
245.31
245.32
245.32999999999998
245.34
245.35
245.35999999999999
245.37
245.38
245.39
245.4
245.41
245.42
245.43
245.44
245.45
245.46
245.47
245.48
245.49
245.5
245.51
245.51999999999998
245.53
245.54
245.54999999999998
245.56
245.57
245.57999999999998
245.59
245.6
245.60999999999999
245.62
245.63
245.64
245.65
245.66
245.67
245.68
245.69
245.7
245.71
245.72
245.73
245.74
245.75
245.76
245.76999999999998
245.78
245.79
245.79999999999998
245.81
245.82
245.82999999999998
245.84
245.85
245.85999999999999
245.87
245.88
245.89
245.9
245.91
245.92
245.93
245.94
245.95
245.96
245.97
245.98
245.99
246.0
246.01
246.02
246.03
246.04
246.04999999999998
246.06
246.07
246.07999999999998
246.09
246.1
246.10999999999999
246.12
246.13
246.14
246.15
246.16
246.17
246.18
246.19
246.2
246.21
246.22
246.23
246.24
246.25
246.26
246.27
246.28
246.29
246.29999999999998
246.31
246.32
246.32999999999998
246.34
246.35
246.35999999999999
246.37
246.38
246.39
246.4
246.41
246.42
246.43
246.44
246.45
246.46
246.47
246.48
246.49
246.5
246.51
246.52
246.53
246.54
246.54999999999998
246.56
246.57
246.57999999999998
246.59
246.6
246.60999999999999
246.62
246.63
246.64
246.65
246.66
246.67
246.68
246.69
246.7
246.71
246.72
246.73
246.74
246.75
246.76
246.77
246.78
246.79
246.79999999999998
246.81
246.82
246.82999999999998
246.84
246.85
246.85999999999999
246.87
246.88
246.89
246.9
246.91
246.92
246.93
246.94
246.95
246.96
246.97
246.98
246.99
247.0
247.01
247.02
247.03
247.04
247.04999999999998
247.06
247.07
247.07999999999998
247.09
247.1
247.10999999999999
247.12
247.13
247.14
247.15
247.16
247.17
247.18
247.19
247.2
247.21
247.22
247.23
247.24
247.25
247.26
247.27
247.28
247.29
247.29999999999998
247.31
247.32
247.32999999999998
247.34
247.35
247.35999999999999
247.37
247.38
247.39
247.4
247.41
247.42
247.43
247.44
247.45
247.46
247.47
247.48
247.49
247.5
247.51
247.52
247.53
247.54
247.54999999999998
247.56
247.57
247.57999999999998
247.59
247.6
247.60999999999999
247.62
247.63
247.64
247.65
247.66
247.67
247.68
247.69
247.7
247.71
247.72
247.73
247.74
247.75
247.76
247.77
247.78
247.79
247.79999999999998
247.81
247.82
247.82999999999998
247.84
247.85
247.85999999999999
247.87
247.88
247.89
247.9
247.91
247.92
247.93
247.94
247.95
247.96
247.97
247.98
247.99
248.0
248.01
248.02
248.03
248.04
248.04999999999998
248.06
248.07
248.07999999999998
248.09
248.1
248.10999999999999
248.12
248.13
248.14
248.15
248.16
248.17
248.18
248.19
248.2
248.21
248.22
248.23
248.24
248.25
248.26
248.27
248.28
248.29
248.29999999999998
248.31
248.32
248.32999999999998
248.34
248.35
248.35999999999999
248.37
248.38
248.39
248.4
248.41
248.42
248.43
248.44
248.45
248.46
248.47
248.48
248.49
248.5
248.51
248.52
248.53
248.54
248.54999999999998
248.56
248.57
248.57999999999998
248.59
248.6
248.60999999999999
248.62
248.63
248.64
248.65
248.66
248.67
248.68
248.69
248.7
248.71
248.72
248.73
248.74
248.75
248.76
248.77
248.78
248.79
248.79999999999998
248.81
248.82
248.82999999999998
248.84
248.85
248.85999999999999
248.87
248.88
248.89
248.9
248.91
248.92
248.93
248.94
248.95
248.96
248.97
248.98
248.99
249.0
249.01
249.02
249.03
249.04
249.04999999999998
249.06
249.07
249.07999999999998
249.09
249.1
249.10999999999999
249.12
249.13
249.14
249.15
249.16
249.17
249.18
249.19
249.2
249.21
